0
1.60962e-05
3.21924e-05
4.82886e-05
6.43848e-05
8.0481e-05
9.65772e-05
0.000112673
0.00012877
0.000144866
0.000160962
0.000144866
0.00012877
0.000112673
9.65772e-05
8.0481e-05
6.43848e-05
4.82886e-05
3.21924e-05
1.60962e-05
1.97302e-21
-1.60962e-05
-3.21924e-05
-4.82886e-05
-6.43849e-05
-8.04811e-05
-9.65773e-05
-0.000112674
-0.00012877
-0.000144866
-0.000160962
-0.000144866
-0.00012877
-0.000112674
-9.65773e-05
-8.04811e-05
-6.43849e-05
-4.82886e-05
-3.21924e-05
-1.60962e-05
-1.81129e-20
1.60962e-05
3.21924e-05
4.82886e-05
6.43848e-05
8.0481e-05
9.65772e-05
0.000112673
0.00012877
0.000144866
0.000160962
0.000144866
0.00012877
0.000112673
9.65772e-05
8.0481e-05
6.43848e-05
4.82886e-05
3.21924e-05
1.60962e-05
-2.84035e-20
-1.60962e-05
-3.21924e-05
-4.82886e-05
-6.43849e-05
-8.04811e-05
-9.65773e-05
-0.000112674
-0.00012877
-0.000144866
-0.000160962
-0.000144866
-0.00012877
-0.000112674
-9.65773e-05
-8.04811e-05
-6.43849e-05
-4.82886e-05
-3.21924e-05
-1.60962e-05
-1.48416e-20
1.60962e-05
3.21924e-05
4.82886e-05
6.43848e-05
8.0481e-05
9.65772e-05
0.000112673
0.00012877
0.000144866
0.000160962
0.000144866
0.00012877
0.000112673
9.65772e-05
8.0481e-05
6.43848e-05
4.82886e-05
3.21924e-05
1.60962e-05
-2.54094e-20
-1.60962e-05
-3.21924e-05
-4.82886e-05
-6.43849e-05
-8.04811e-05
-9.65773e-05
-0.000112674
-0.00012877
-0.000144866
-0.000160962
-0.000144866
-0.00012877
-0.000112674
-9.65773e-05
-8.04811e-05
-6.43849e-05
-4.82886e-05
-3.21924e-05
-1.60962e-05
-3.36423e-20
1.60962e-05
3.21924e-05
4.82886e-05
6.43848e-05
8.0481e-05
9.65772e-05
0.000112673
0.00012877
0.000144866
0.000160962
0.000144866
0.00012877
0.000112673
9.65772e-05
8.0481e-05
6.43848e-05
4.82886e-05
3.21924e-05
1.60962e-05
-3.66769e-20
-1.60962e-05
-3.21924e-05
-4.82886e-05
-6.43849e-05
-8.04811e-05
-9.65773e-05
-0.000112674
-0.00012877
-0.000144866
-0.000160962
-0.000144866
-0.00012877
-0.000112674
-9.65773e-05
-8.04811e-05
-6.43849e-05
-4.82886e-05
-3.21924e-05
-1.60962e-05
-1.81297e-20
1.60962e-05
3.21924e-05
4.82886e-05
6.43848e-05
8.0481e-05
9.65772e-05
0.000112673
0.00012877
0.000144866
0.000160962
0.000144866
0.00012877
0.000112673
9.65772e-05
8.0481e-05
6.43848e-05
4.82886e-05
3.21924e-05
1.60962e-05
-1.52476e-20
-1.60962e-05
-3.21924e-05
-4.82886e-05
-6.43849e-05
-8.04811e-05
-9.65773e-05
-0.000112674
-0.00012877
-0.000144866
-0.000160962
-0.000144866
-0.00012877
-0.000112674
-9.65773e-05
-8.04811e-05
-6.43849e-05
-4.82886e-05
-3.21924e-05
-1.60962e-05
-1.85888e-20
1.60962e-05
3.21924e-05
4.82886e-05
6.43848e-05
8.0481e-05
9.65772e-05
0.000112673
0.00012877
0.000144866
0.000160962
0.000144866
0.00012877
0.000112673
9.65772e-05
8.0481e-05
6.43848e-05
4.82886e-05
3.21924e-05
1.60962e-05
-2.02898e-20
-1.60962e-05
-3.21924e-05
-4.82886e-05
-6.43849e-05
-8.04811e-05
-9.65773e-05
-0.000112674
-0.00012877
-0.000144866
-0.000160962
-0.000144866
-0.00012877
-0.000112674
-9.65773e-05
-8.04811e-05
-6.43849e-05
-4.82886e-05
-3.21924e-05
-1.60962e-05
-3.6941e-20
1.65089e-05
3.30179e-05
4.95268e-05
6.60357e-05
8.25447e-05
9.90536e-05
0.000115563
0.000132071
0.00014858
0.000165089
0.000181598
0.000198107
0.000214616
0.000198107
0.000181598
0.000165089
0.00014858
0.000132071
0.000115563
9.90536e-05
8.25447e-05
6.60357e-05
4.95268e-05
3.30179e-05
1.65089e-05
-4.56668e-20
-1.65089e-05
-3.30179e-05
-4.95268e-05
-6.60358e-05
-8.25447e-05
-9.90536e-05
-0.000115563
-0.000132072
-0.00014858
-0.000165089
-0.000181598
-0.000198107
-0.000214616
-0.000198107
-0.000181598
-0.000165089
-0.00014858
-0.000132072
-0.000115563
-9.90536e-05
-8.25447e-05
-6.60358e-05
-4.95268e-05
-3.30179e-05
-1.65089e-05
-4.01185e-20
1.65089e-05
3.30179e-05
4.95268e-05
6.60357e-05
8.25447e-05
9.90536e-05
0.000115563
0.000132071
0.00014858
0.000165089
0.000181598
0.000198107
0.000214616
0.000198107
0.000181598
0.000165089
0.00014858
0.000132071
0.000115563
9.90536e-05
8.25447e-05
6.60357e-05
4.95268e-05
3.30179e-05
1.65089e-05
-2.90993e-20
-1.65089e-05
-3.30179e-05
-4.95268e-05
-6.60358e-05
-8.25447e-05
-9.90536e-05
-0.000115563
-0.000132072
-0.00014858
-0.000165089
-0.000181598
-0.000198107
-0.000214616
-0.000198107
-0.000181598
-0.000165089
-0.00014858
-0.000132072
-0.000115563
-9.90536e-05
-8.25447e-05
-6.60358e-05
-4.95268e-05
-3.30179e-05
-1.65089e-05
-2.73461e-20
1.65089e-05
3.30179e-05
4.95268e-05
6.60357e-05
8.25447e-05
9.90536e-05
0.000115563
0.000132071
0.00014858
0.000165089
0.000181598
0.000198107
0.000214616
0.000198107
0.000181598
0.000165089
0.00014858
0.000132071
0.000115563
9.90536e-05
8.25447e-05
6.60357e-05
4.95268e-05
3.30179e-05
1.65089e-05
-3.58763e-20
-1.65089e-05
-3.30179e-05
-4.95268e-05
-6.60358e-05
-8.25447e-05
-9.90536e-05
-0.000115563
-0.000132072
-0.00014858
-0.000165089
-0.000181598
-0.000198107
-0.000214616
-0.000198107
-0.000181598
-0.000165089
-0.00014858
-0.000132072
-0.000115563
-9.90536e-05
-8.25447e-05
-6.60358e-05
-4.95268e-05
-3.30179e-05
-1.65089e-05
-4.72171e-20
1.65089e-05
3.30179e-05
4.95268e-05
6.60357e-05
8.25447e-05
9.90536e-05
0.000115563
0.000132071
0.00014858
0.000165089
0.000181598
0.000198107
0.000214616
0.000198107
0.000181598
0.000165089
0.00014858
0.000132071
0.000115563
9.90536e-05
8.25447e-05
6.60357e-05
4.95268e-05
3.30179e-05
1.65089e-05
-4.50058e-20
-1.65089e-05
-3.30179e-05
-4.95268e-05
-6.60358e-05
-8.25447e-05
-9.90536e-05
-0.000115563
-0.000132072
-0.00014858
-0.000165089
-0.000181598
-0.000198107
-0.000214616
-0.000198107
-0.000181598
-0.000165089
-0.00014858
-0.000132072
-0.000115563
-9.90536e-05
-8.25447e-05
-6.60358e-05
-4.95268e-05
-3.30179e-05
-1.65089e-05
-2.63542e-20
1.65089e-05
3.30179e-05
4.95268e-05
6.60357e-05
8.25447e-05
9.90536e-05
0.000115563
0.000132071
0.00014858
0.000165089
0.000181598
0.000198107
0.000214616
0.000198107
0.000181598
0.000165089
0.00014858
0.000132071
0.000115563
9.90536e-05
8.25447e-05
6.60357e-05
4.95268e-05
3.30179e-05
1.65089e-05
-3.1375e-20
-1.65089e-05
-3.30179e-05
-4.95268e-05
-6.60358e-05
-8.25447e-05
-9.90536e-05
-0.000115563
-0.000132072
-0.00014858
-0.000165089
-0.000181598
-0.000198107
-0.000214616
-0.000198107
-0.000181598
-0.000165089
-0.00014858
-0.000132072
-0.000115563
-9.90536e-05
-8.25447e-05
-6.60358e-05
-4.95268e-05
-3.30179e-05
-1.65089e-05
-2.6459e-20
1.65089e-05
3.30179e-05
4.95268e-05
6.60357e-05
8.25447e-05
9.90536e-05
0.000115563
0.000132071
0.00014858
0.000165089
0.000181598
0.000198107
0.000214616
0.000198107
0.000181598
0.000165089
0.00014858
0.000132071
0.000115563
9.90536e-05
8.25447e-05
6.60357e-05
4.95268e-05
3.30179e-05
1.65089e-05
-3.35216e-20
-1.65089e-05
-3.30179e-05
-4.95268e-05
-6.60358e-05
-8.25447e-05
-9.90536e-05
-0.000115563
-0.000132072
-0.00014858
-0.000165089
-0.000181598
-0.000198107
-0.000214616
-0.000198107
-0.000181598
-0.000165089
-0.00014858
-0.000132072
-0.000115563
-9.90536e-05
-8.25447e-05
-6.60358e-05
-4.95268e-05
-3.30179e-05
-1.65089e-05
-3.7978e-20
1.60962e-05
3.21924e-05
4.82886e-05
6.43848e-05
8.0481e-05
9.65772e-05
0.000112673
0.00012877
0.000144866
0.000160962
0.000177058
0.000193154
0.000209251
0.000225347
0.000241443
0.000257539
0.000273635
0.000289732
0.000305828
0.000321924
0.000305828
0.000289732
0.000273635
0.000257539
0.000241443
0.000225347
0.000209251
0.000193154
0.000177058
0.000160962
0.000144866
0.00012877
0.000112673
9.65772e-05
8.0481e-05
6.43848e-05
4.82886e-05
3.21924e-05
1.60962e-05
-7.43996e-20
-1.60962e-05
-3.21924e-05
-4.82886e-05
-6.43849e-05
-8.04811e-05
-9.65773e-05
-0.000112674
-0.00012877
-0.000144866
-0.000160962
-0.000177058
-0.000193155
-0.000209251
-0.000225347
-0.000241443
-0.00025754
-0.000273636
-0.000289732
-0.000305828
-0.000321925
-0.000305828
-0.000289732
-0.000273636
-0.00025754
-0.000241443
-0.000225347
-0.000209251
-0.000193155
-0.000177058
-0.000160962
-0.000144866
-0.00012877
-0.000112674
-9.65773e-05
-8.04811e-05
-6.43849e-05
-4.82886e-05
-3.21924e-05
-1.60962e-05
-6.61348e-20
1.60962e-05
3.21924e-05
4.82886e-05
6.43848e-05
8.0481e-05
9.65772e-05
0.000112673
0.00012877
0.000144866
0.000160962
0.000177058
0.000193154
0.000209251
0.000225347
0.000241443
0.000257539
0.000273635
0.000289732
0.000305828
0.000321924
0.000305828
0.000289732
0.000273635
0.000257539
0.000241443
0.000225347
0.000209251
0.000193154
0.000177058
0.000160962
0.000144866
0.00012877
0.000112673
9.65772e-05
8.0481e-05
6.43848e-05
4.82886e-05
3.21924e-05
1.60962e-05
-6.3492e-20
-1.60962e-05
-3.21924e-05
-4.82886e-05
-6.43849e-05
-8.04811e-05
-9.65773e-05
-0.000112674
-0.00012877
-0.000144866
-0.000160962
-0.000177058
-0.000193155
-0.000209251
-0.000225347
-0.000241443
-0.00025754
-0.000273636
-0.000289732
-0.000305828
-0.000321925
-0.000305828
-0.000289732
-0.000273636
-0.00025754
-0.000241443
-0.000225347
-0.000209251
-0.000193155
-0.000177058
-0.000160962
-0.000144866
-0.00012877
-0.000112674
-9.65773e-05
-8.04811e-05
-6.43849e-05
-4.82886e-05
-3.21924e-05
-1.60962e-05
3.59613e-21
1.60962e-05
3.21924e-05
4.82886e-05
6.43848e-05
8.0481e-05
9.65772e-05
0.000112673
0.00012877
0.000144866
0.000160962
0.000177058
0.000193154
0.000209251
0.000225347
0.000241443
0.000257539
0.000273635
0.000289732
0.000305828
0.000321924
0.000305828
0.000289732
0.000273635
0.000257539
0.000241443
0.000225347
0.000209251
0.000193154
0.000177058
0.000160962
0.000144866
0.00012877
0.000112673
9.65772e-05
8.0481e-05
6.43848e-05
4.82886e-05
3.21924e-05
1.60962e-05
2.49513e-20
-1.60962e-05
-3.21924e-05
-4.82886e-05
-6.43849e-05
-8.04811e-05
-9.65773e-05
-0.000112674
-0.00012877
-0.000144866
-0.000160962
-0.000177058
-0.000193155
-0.000209251
-0.000225347
-0.000241443
-0.00025754
-0.000273636
-0.000289732
-0.000305828
-0.000321925
-0.000305828
-0.000289732
-0.000273636
-0.00025754
-0.000241443
-0.000225347
-0.000209251
-0.000193155
-0.000177058
-0.000160962
-0.000144866
-0.00012877
-0.000112674
-9.65773e-05
-8.04811e-05
-6.43849e-05
-4.82886e-05
-3.21924e-05
-1.60962e-05
3.00192e-20
1.60962e-05
3.21924e-05
4.82886e-05
6.43848e-05
8.0481e-05
9.65772e-05
0.000112673
0.00012877
0.000144866
0.000160962
0.000177058
0.000193154
0.000209251
0.000225347
0.000241443
0.000257539
0.000273635
0.000289732
0.000305828
0.000321924
0.000305828
0.000289732
0.000273635
0.000257539
0.000241443
0.000225347
0.000209251
0.000193154
0.000177058
0.000160962
0.000144866
0.00012877
0.000112673
9.65772e-05
8.0481e-05
6.43848e-05
4.82886e-05
3.21924e-05
1.60962e-05
-2.01423e-20
-1.60962e-05
-3.21924e-05
-4.82886e-05
-6.43849e-05
-8.04811e-05
-9.65773e-05
-0.000112674
-0.00012877
-0.000144866
-0.000160962
-0.000177058
-0.000193155
-0.000209251
-0.000225347
-0.000241443
-0.00025754
-0.000273636
-0.000289732
-0.000305828
-0.000321925
-0.000305828
-0.000289732
-0.000273636
-0.00025754
-0.000241443
-0.000225347
-0.000209251
-0.000193155
-0.000177058
-0.000160962
-0.000144866
-0.00012877
-0.000112674
-9.65773e-05
-8.04811e-05
-6.43849e-05
-4.82886e-05
-3.21924e-05
-1.60962e-05
-4.07717e-20
1.60962e-05
3.21924e-05
4.82886e-05
6.43848e-05
8.0481e-05
9.65772e-05
0.000112673
0.00012877
0.000144866
0.000160962
0.000177058
0.000193154
0.000209251
0.000225347
0.000241443
0.000257539
0.000273635
0.000289732
0.000305828
0.000321924
0.000305828
0.000289732
0.000273635
0.000257539
0.000241443
0.000225347
0.000209251
0.000193154
0.000177058
0.000160962
0.000144866
0.00012877
0.000112673
9.65772e-05
8.0481e-05
6.43848e-05
4.82886e-05
3.21924e-05
1.60962e-05
-1.9491e-20
-1.60962e-05
-3.21924e-05
-4.82886e-05
-6.43849e-05
-8.04811e-05
-9.65773e-05
-0.000112674
-0.00012877
-0.000144866
-0.000160962
-0.000177058
-0.000193155
-0.000209251
-0.000225347
-0.000241443
-0.00025754
-0.000273636
-0.000289732
-0.000305828
-0.000321925
-0.000305828
-0.000289732
-0.000273636
-0.00025754
-0.000241443
-0.000225347
-0.000209251
-0.000193155
-0.000177058
-0.000160962
-0.000144866
-0.00012877
-0.000112674
-9.65773e-05
-8.04811e-05
-6.43849e-05
-4.82886e-05
-3.21924e-05
-1.60962e-05
6.25284e-21
1.60962e-05
3.21924e-05
4.82886e-05
6.43848e-05
8.0481e-05
9.65772e-05
0.000112673
0.00012877
0.000144866
0.000160962
0.000177058
0.000193154
0.000209251
0.000225347
0.000241443
0.000257539
0.000273635
0.000289732
0.000305828
0.000321924
0.000305828
0.000289732
0.000273635
0.000257539
0.000241443
0.000225347
0.000209251
0.000193154
0.000177058
0.000160962
0.000144866
0.00012877
0.000112673
9.65772e-05
8.0481e-05
6.43848e-05
4.82886e-05
3.21924e-05
1.60962e-05
-1.27254e-20
-1.60962e-05
-3.21924e-05
-4.82886e-05
-6.43849e-05
-8.04811e-05
-9.65773e-05
-0.000112674
-0.00012877
-0.000144866
-0.000160962
-0.000177058
-0.000193155
-0.000209251
-0.000225347
-0.000241443
-0.00025754
-0.000273636
-0.000289732
-0.000305828
-0.000321925
-0.000305828
-0.000289732
-0.000273636
-0.00025754
-0.000241443
-0.000225347
-0.000209251
-0.000193155
-0.000177058
-0.000160962
-0.000144866
-0.00012877
-0.000112674
-9.65773e-05
-8.04811e-05
-6.43849e-05
-4.82886e-05
-3.21924e-05
-1.60962e-05
5.08956e-22
1.58975e-05
3.1795e-05
4.76925e-05
6.359e-05
7.94874e-05
9.53849e-05
0.000111282
0.00012718
0.000143077
0.000158975
0.000174872
0.00019077
0.000206667
0.000222565
0.000238462
0.00025436
0.000270257
0.000286155
0.000302052
0.00031795
0.000333759
0.00033885
0.000343941
0.000349032
0.000354123
0.000359214
0.000364305
0.000348407
0.00033251
0.000316613
0.000300715
0.000284818
0.00026892
0.000253023
0.000237125
0.000221228
0.00020533
0.000189433
0.000173535
0.000157638
0.00014174
0.000125843
0.000109945
9.40479e-05
7.81504e-05
6.22529e-05
4.63554e-05
3.04579e-05
1.45605e-05
-1.33704e-06
-1.72345e-05
-3.3132e-05
-4.90295e-05
-6.4927e-05
-8.08245e-05
-9.6722e-05
-0.00011262
-0.000128517
-0.000144415
-0.000160312
-0.00017621
-0.000192107
-0.000208005
-0.000223902
-0.0002398
-0.000255697
-0.000271595
-0.000284418
-0.000291469
-0.00029852
-0.000305571
-0.000312622
-0.000319673
-0.000326724
-0.000333759
-0.00033885
-0.000343941
-0.000349032
-0.000354123
-0.000359214
-0.000364305
-0.000348408
-0.00033251
-0.000316613
-0.000300715
-0.000284818
-0.00026892
-0.000253023
-0.000237125
-0.000221228
-0.00020533
-0.000189433
-0.000173535
-0.000157638
-0.00014174
-0.000125843
-0.000109945
-9.40476e-05
-7.81501e-05
-6.22526e-05
-4.63551e-05
-3.04576e-05
-1.45601e-05
1.33743e-06
1.72349e-05
3.31324e-05
4.90299e-05
6.49274e-05
8.08249e-05
9.67224e-05
0.00011262
0.000128517
0.000144415
0.000160312
0.00017621
0.000192107
0.000208005
0.000223902
0.0002398
0.000255697
0.000271595
0.000287492
0.000294689
0.00030049
0.000306291
0.000312093
0.000317894
0.000323695
0.000329497
0.000335298
0.000341099
0.000346901
0.000352702
0.000358504
0.000364305
0.000348407
0.00033251
0.000316613
0.000300715
0.000284818
0.00026892
0.000253023
0.000237125
0.000221228
0.00020533
0.000189433
0.000173535
0.000157638
0.00014174
0.000125843
0.000109945
9.40479e-05
7.81504e-05
6.22529e-05
4.63554e-05
3.04579e-05
1.45605e-05
-1.33704e-06
-1.72345e-05
-3.3132e-05
-4.90295e-05
-6.4927e-05
-8.08245e-05
-9.6722e-05
-0.00011262
-0.000128517
-0.000144415
-0.000160312
-0.00017621
-0.000192107
-0.000208005
-0.000223902
-0.0002398
-0.000255697
-0.000271595
-0.000287492
-0.000294689
-0.000300491
-0.000306292
-0.000312093
-0.000317895
-0.000323696
-0.000329497
-0.000335299
-0.0003411
-0.000346901
-0.000352703
-0.000358504
-0.000364305
-0.000348408
-0.00033251
-0.000316613
-0.000300715
-0.000284818
-0.00026892
-0.000253023
-0.000237125
-0.000221228
-0.00020533
-0.000189433
-0.000173535
-0.000157638
-0.00014174
-0.000125843
-0.000109945
-9.40476e-05
-7.81501e-05
-6.22526e-05
-4.63551e-05
-3.04576e-05
-1.45601e-05
1.33743e-06
1.72349e-05
3.31324e-05
4.90299e-05
6.49274e-05
8.08249e-05
9.67224e-05
0.00011262
0.000128517
0.000144415
0.000160312
0.00017621
0.000192107
0.000208005
0.000223902
0.0002398
0.000255697
0.000271595
0.000287492
0.000294689
0.00030049
0.000306291
0.000312093
0.000317894
0.000323695
0.000329497
0.000335298
0.000341099
0.000346901
0.000352702
0.000358504
0.000364305
0.000348407
0.00033251
0.000316613
0.000300715
0.000284818
0.00026892
0.000253023
0.000237125
0.000221228
0.00020533
0.000189433
0.000173535
0.000157638
0.00014174
0.000125843
0.000109945
9.40479e-05
7.81504e-05
6.22529e-05
4.63554e-05
3.04579e-05
1.45605e-05
-1.33704e-06
-1.72345e-05
-3.3132e-05
-4.90295e-05
-6.4927e-05
-8.08245e-05
-9.6722e-05
-0.00011262
-0.000128517
-0.000144415
-0.000160312
-0.00017621
-0.000192107
-0.000208005
-0.000223902
-0.0002398
-0.000255697
-0.000271595
-0.000287492
-0.000294689
-0.000300491
-0.000306292
-0.000312093
-0.000317895
-0.000323696
-0.000329497
-0.000335299
-0.0003411
-0.000346901
-0.000352703
-0.000358504
-0.000364305
-0.000348408
-0.00033251
-0.000316613
-0.000300715
-0.000284818
-0.00026892
-0.000253023
-0.000237125
-0.000221228
-0.00020533
-0.000189433
-0.000173535
-0.000157638
-0.00014174
-0.000125843
-0.000109945
-9.40476e-05
-7.81501e-05
-6.22526e-05
-4.63551e-05
-3.04576e-05
-1.45601e-05
1.33743e-06
1.72349e-05
3.31324e-05
4.90299e-05
6.49274e-05
8.08249e-05
9.67224e-05
0.00011262
0.000128517
0.000144415
0.000160312
0.00017621
0.000192107
0.000208005
0.000223902
0.0002398
0.000255697
0.000271595
0.000287492
0.000294689
0.00030049
0.000306291
0.000312093
0.000317894
0.000323695
0.000329497
0.000335298
0.000341099
0.000346901
0.000352702
0.000358504
0.000364305
0.000348407
0.00033251
0.000316613
0.000300715
0.000284818
0.00026892
0.000253023
0.000237125
0.000221228
0.00020533
0.000189433
0.000173535
0.000157638
0.00014174
0.000125843
0.000109945
9.40479e-05
7.81504e-05
6.22529e-05
4.63554e-05
3.04579e-05
1.45605e-05
-1.33704e-06
-1.72345e-05
-3.3132e-05
-4.90295e-05
-6.4927e-05
-8.08245e-05
-9.6722e-05
-0.00011262
-0.000128517
-0.000144415
-0.000160312
-0.00017621
-0.000192107
-0.000208005
-0.000223902
-0.0002398
-0.000255697
-0.000271595
-0.000287492
-0.000294689
-0.000300491
-0.000306292
-0.000312093
-0.000317895
-0.000323696
-0.000329497
-0.000335299
-0.0003411
-0.000346901
-0.000352703
-0.000358504
-0.000364305
-0.000348408
-0.00033251
-0.000316613
-0.000300715
-0.000284818
-0.00026892
-0.000253023
-0.000237125
-0.000221228
-0.00020533
-0.000189433
-0.000173535
-0.000157638
-0.00014174
-0.000125843
-0.000109945
-9.40476e-05
-7.81501e-05
-6.22526e-05
-4.63551e-05
-3.04576e-05
-1.45601e-05
1.33743e-06
1.72349e-05
3.31324e-05
4.90299e-05
6.49274e-05
8.0631e-05
9.63346e-05
0.000112038
0.000127742
0.000143445
0.000159149
0.000174853
0.000190556
0.00020626
0.000221963
0.000237667
0.000253371
0.000269074
0.000284778
0.000293627
0.000299358
0.000305089
0.000310819
0.00031655
0.00032228
0.000328011
0.000333742
0.000339472
0.000345203
0.000350933
0.000356664
0.000362395
0.000367658
0.000372686
0.000377715
0.000382744
0.000387773
0.000392802
0.000397831
0.00040286
0.000407889
0.000412918
0.000417947
0.000422976
0.000428005
0.000433034
0.00041733
0.000401627
0.000385923
0.00037022
0.000354516
0.000338812
0.000323109
0.000307405
0.000291702
0.000275998
0.000260295
0.000244591
0.000228887
0.000213184
0.00019748
0.000181777
0.000166073
0.000150369
0.000134666
0.000118962
0.000103259
8.75549e-05
7.18513e-05
5.61477e-05
4.04441e-05
2.47404e-05
9.03682e-06
-6.48118e-06
-2.17476e-05
-3.7014e-05
-5.22804e-05
-6.75468e-05
-8.28132e-05
-9.80796e-05
-0.000113346
-0.000128612
-0.000143879
-0.000159145
-0.000174412
-0.000189678
-0.000204944
-0.000220211
-0.000235477
-0.000250744
-0.00026601
-0.00027533
-0.000279314
-0.000283298
-0.000287282
-0.000291266
-0.000295249
-0.000299233
-0.000303217
-0.000307201
-0.000311185
-0.000315169
-0.000319153
-0.000323137
-0.000327121
-0.000331105
-0.000335089
-0.000339073
-0.000343057
-0.000347041
-0.000351025
-0.000355009
-0.000358993
-0.000362977
-0.000367658
-0.000372687
-0.000377716
-0.000382745
-0.000387774
-0.000392803
-0.000397832
-0.000402861
-0.000407889
-0.000412918
-0.000417947
-0.000422976
-0.000428005
-0.000433034
-0.00041733
-0.000401627
-0.000385923
-0.000370219
-0.000354516
-0.000338812
-0.000323108
-0.000307405
-0.000291701
-0.000275997
-0.000260294
-0.00024459
-0.000228887
-0.000213183
-0.000197479
-0.000181776
-0.000166072
-0.000150368
-0.000134665
-0.000118961
-0.000103257
-8.75538e-05
-7.18501e-05
-5.61465e-05
-4.04429e-05
-2.47392e-05
-9.03562e-06
6.05689e-06
2.03213e-05
3.45857e-05
4.88501e-05
6.31145e-05
7.73789e-05
9.16433e-05
0.000105908
0.000120172
0.000134437
0.000148701
0.000162965
0.00017723
0.000191494
0.000205759
0.000220023
0.000234287
0.000248552
0.000262816
0.00027708
0.000291345
0.000305609
0.000319874
0.000327019
0.000330439
0.000333859
0.000337279
0.000340699
0.000344119
0.000347538
0.000350958
0.000354378
0.000357798
0.000361218
0.000364637
0.000368057
0.000371477
0.000374897
0.000378317
0.000381737
0.000385156
0.000388576
0.000391996
0.000395416
0.000398836
0.000402256
0.000405675
0.000409095
0.000412515
0.000415935
0.000419355
0.000422774
0.000426194
0.000429614
0.000433034
0.00041733
0.000401627
0.000385923
0.00037022
0.000354516
0.000338812
0.000323109
0.000307405
0.000291702
0.000275998
0.000260295
0.000244591
0.000228887
0.000213184
0.00019748
0.000181777
0.000166073
0.000150369
0.000134666
0.000118962
0.000103259
8.75549e-05
7.18513e-05
5.61477e-05
4.04441e-05
2.47404e-05
9.03682e-06
-6.0558e-06
-2.03202e-05
-3.45846e-05
-4.88491e-05
-6.31135e-05
-7.73779e-05
-9.16423e-05
-0.000105907
-0.000120171
-0.000134436
-0.0001487
-0.000162964
-0.000177229
-0.000191493
-0.000205758
-0.000220022
-0.000234287
-0.000248551
-0.000262816
-0.00027708
-0.000291344
-0.000305609
-0.000319873
-0.000327021
-0.000330441
-0.00033386
-0.00033728
-0.0003407
-0.00034412
-0.000347539
-0.000350959
-0.000354379
-0.000357799
-0.000361219
-0.000364638
-0.000368058
-0.000371478
-0.000374898
-0.000378318
-0.000381737
-0.000385157
-0.000388577
-0.000391997
-0.000395416
-0.000398836
-0.000402256
-0.000405676
-0.000409096
-0.000412515
-0.000415935
-0.000419355
-0.000422775
-0.000426195
-0.000429614
-0.000433034
-0.00041733
-0.000401627
-0.000385923
-0.000370219
-0.000354516
-0.000338812
-0.000323108
-0.000307405
-0.000291701
-0.000275997
-0.000260294
-0.00024459
-0.000228887
-0.000213183
-0.000197479
-0.000181776
-0.000166072
-0.000150368
-0.000134665
-0.000118961
-0.000103257
-8.75538e-05
-7.18501e-05
-5.61465e-05
-4.04429e-05
-2.47392e-05
-9.03562e-06
6.05689e-06
2.03213e-05
3.45857e-05
4.88501e-05
6.31145e-05
7.73789e-05
9.16433e-05
0.000105908
0.000120172
0.000134437
0.000148701
0.000162965
0.00017723
0.000191494
0.000205672
0.00021985
0.000234028
0.000248206
0.000262384
0.000276562
0.00029074
0.000304918
0.000319096
0.000326812
0.000330211
0.00033361
0.000337009
0.000340409
0.000343808
0.000347207
0.000350606
0.000354005
0.000357404
0.000360803
0.000364202
0.000367601
0.000371
0.000374399
0.000377799
0.000381198
0.000384597
0.000387996
0.000391395
0.000394794
0.000398193
0.000401592
0.000404991
0.00040839
0.00041179
0.000415189
0.000418588
0.000421987
0.000425386
0.000428785
0.000432184
0.000436783
0.000441781
0.00044678
0.000451778
0.000456777
0.000459128
0.00046133
0.000463532
0.000465733
0.000467935
0.000470137
0.000472339
0.000474541
0.000476743
0.000461134
0.000445526
0.000429917
0.000414309
0.000398701
0.000383092
0.000367484
0.000351875
0.000336267
0.000320658
0.00030505
0.000289442
0.000273833
0.000258225
0.000242616
0.000227008
0.0002114
0.000195791
0.000180183
0.000164574
0.000148966
0.000133357
0.000117749
0.000102141
8.65321e-05
7.09237e-05
5.53153e-05
3.97068e-05
2.40984e-05
8.48993e-06
-5.77589e-06
-1.84404e-05
-3.1105e-05
-4.37695e-05
-5.64341e-05
-6.90986e-05
-8.17632e-05
-9.44277e-05
-0.000107092
-0.000119757
-0.000132421
-0.000145086
-0.00015775
-0.000170415
-0.00018308
-0.000195744
-0.000208409
-0.000221073
-0.000233738
-0.000246402
-0.000259067
-0.000271732
-0.000284396
-0.000297061
-0.000309725
-0.00032239
-0.00032697
-0.000329672
-0.000332374
-0.000335077
-0.000337779
-0.000340481
-0.000343183
-0.000345886
-0.000348588
-0.00035129
-0.000353993
-0.000356695
-0.000359397
-0.000362099
-0.000364802
-0.000367504
-0.000370206
-0.000372909
-0.000375611
-0.000378313
-0.000381015
-0.000383718
-0.00038642
-0.000389122
-0.000391824
-0.000394527
-0.000397229
-0.000399931
-0.000402634
-0.000405336
-0.000408038
-0.00041074
-0.000413443
-0.000416145
-0.000418847
-0.000421549
-0.000424252
-0.000426954
-0.000429656
-0.000432359
-0.000436783
-0.000441781
-0.00044678
-0.000451778
-0.000456777
-0.000459128
-0.000461329
-0.000463531
-0.000465733
-0.000467934
-0.000470136
-0.000472338
-0.00047454
-0.000476741
-0.000461133
-0.000445524
-0.000429916
-0.000414307
-0.000398699
-0.00038309
-0.000367482
-0.000351873
-0.000336265
-0.000320656
-0.000305048
-0.00028944
-0.000273831
-0.000258223
-0.000242614
-0.000227006
-0.000211397
-0.000195789
-0.00018018
-0.000164572
-0.000148963
-0.000133355
-0.000117746
-0.000102138
-8.65294e-05
-7.09209e-05
-5.53125e-05
-3.9704e-05
-2.40955e-05
-8.48709e-06
5.43559e-06
1.73492e-05
2.92628e-05
4.11764e-05
5.309e-05
6.50037e-05
7.69173e-05
8.88309e-05
0.000100744
0.000112658
0.000124572
0.000136485
0.000148399
0.000160313
0.000172226
0.00018414
0.000196053
0.000207967
0.000219881
0.000231794
0.000243708
0.000255621
0.000267535
0.000279449
0.000291362
0.000303276
0.000315189
0.000327103
0.000339017
0.00035093
0.000358625
0.000361036
0.000363446
0.000365857
0.000368268
0.000370678
0.000373089
0.000375499
0.00037791
0.00038032
0.000382731
0.000385141
0.000387552
0.000389962
0.000392373
0.000394784
0.000397194
0.000399605
0.000402015
0.000404426
0.000406836
0.000409247
0.000411657
0.000414068
0.000416479
0.000418889
0.0004213
0.00042371
0.000426121
0.000428531
0.000430942
0.000433352
0.000435763
0.000438174
0.000440584
0.000442995
0.000445405
0.000447816
0.000450226
0.000452637
0.000455047
0.000457458
0.000459869
0.000462279
0.00046469
0.0004671
0.000469511
0.000471921
0.000474332
0.000476743
0.000461134
0.000445526
0.000429917
0.000414309
0.000398701
0.000383092
0.000367484
0.000351875
0.000336267
0.000320658
0.00030505
0.000289442
0.000273833
0.000258225
0.000242616
0.000227008
0.0002114
0.000195791
0.000180183
0.000164574
0.000148966
0.000133357
0.000117749
0.000102141
8.65321e-05
7.09237e-05
5.53153e-05
3.97068e-05
2.40984e-05
8.48993e-06
-5.43343e-06
-1.73471e-05
-2.92607e-05
-4.11743e-05
-5.3088e-05
-6.50016e-05
-7.69152e-05
-8.88289e-05
-0.000100742
-0.000112656
-0.00012457
-0.000136483
-0.000148397
-0.000160311
-0.000172224
-0.000184138
-0.000196052
-0.000207965
-0.000219879
-0.000231793
-0.000243706
-0.00025562
-0.000267533
-0.000279447
-0.000291361
-0.000303274
-0.000315188
-0.000327102
-0.000339015
-0.000350929
-0.000358627
-0.000361038
-0.000363448
-0.000365859
-0.000368269
-0.00037068
-0.00037309
-0.000375501
-0.000377911
-0.000380322
-0.000382732
-0.000385143
-0.000387553
-0.000389964
-0.000392374
-0.000394785
-0.000397195
-0.000399606
-0.000402016
-0.000404427
-0.000406837
-0.000409248
-0.000411658
-0.000414069
-0.000416479
-0.00041889
-0.0004213
-0.000423711
-0.000426121
-0.000428532
-0.000430942
-0.000433353
-0.000435763
-0.000438174
-0.000440584
-0.000442995
-0.000445405
-0.000447816
-0.000450226
-0.000452637
-0.000455047
-0.000457458
-0.000459868
-0.000462278
-0.000464689
-0.000467099
-0.00046951
-0.00047192
-0.000474331
-0.000476741
-0.000461133
-0.000445524
-0.000429916
-0.000414307
-0.000398699
-0.00038309
-0.000367482
-0.000351873
-0.000336265
-0.000320656
-0.000305048
-0.00028944
-0.000273831
-0.000258223
-0.000242614
-0.000227006
-0.000211397
-0.000195789
-0.00018018
-0.000164572
-0.000148963
-0.000133355
-0.000117746
-0.000102138
-8.65294e-05
-7.09209e-05
-5.53125e-05
-3.9704e-05
-2.40955e-05
-8.48709e-06
5.43559e-06
1.73492e-05
2.92628e-05
4.11764e-05
5.309e-05
6.50037e-05
7.69173e-05
8.88309e-05
0.000100744
0.000112658
0.000124572
0.000136485
0.000148399
0.000160313
0.000172226
0.00018414
0.000196053
0.000207967
0.000219881
0.000231794
0.000243708
0.000255621
0.000267535
0.000279449
0.000291362
0.000303204
0.000315046
0.000326888
0.000338729
0.000350571
0.000358538
0.000360934
0.00036333
0.000365726
0.000368122
0.000370518
0.000372914
0.00037531
0.000377706
0.000380102
0.000382498
0.000384894
0.000387291
0.000389687
0.000392083
0.000394479
0.000396875
0.000399271
0.000401667
0.000404063
0.000406459
0.000408855
0.000411251
0.000413647
0.000416043
0.000418439
0.000420835
0.000423231
0.000425627
0.000428023
0.000430419
0.000432815
0.000435211
0.000437607
0.000440003
0.000442399
0.000444795
0.000447191
0.000449587
0.000451983
0.000454379
0.000456776
0.000459172
0.000461568
0.000463964
0.00046636
0.000468756
0.000471152
0.000473548
0.000475944
0.000478202
0.00048039
0.000482579
0.000484767
0.000486956
0.000489144
0.000491333
0.000493521
0.00049571
0.000497899
0.000500087
0.000502276
0.000504464
0.000506653
0.000508841
0.00051103
0.000513218
0.000515407
0.000517596
0.000519784
0.000521973
0.000524161
0.00052635
0.000528538
0.000530727
0.000532915
0.000535104
0.000537293
0.000521778
0.000506264
0.000490749
0.000475235
0.000459721
0.000444206
0.000428692
0.000413178
0.000397663
0.000382149
0.000366634
0.00035112
0.000335606
0.000320091
0.000304577
0.000289063
0.000273548
0.000258034
0.000242519
0.000227005
0.000211491
0.000195976
0.000180462
0.000164947
0.000149433
0.000133919
0.000118404
0.00010289
8.73755e-05
7.18611e-05
5.63467e-05
4.08323e-05
2.53178e-05
9.80343e-06
-3.64242e-06
-1.35374e-05
-2.34324e-05
-3.33273e-05
-4.32223e-05
-5.31173e-05
-6.30122e-05
-7.29072e-05
-8.28022e-05
-9.26971e-05
-0.000102592
-0.000112487
-0.000122382
-0.000132277
-0.000142172
-0.000152067
-0.000161962
-0.000171857
-0.000181752
-0.000191647
-0.000201542
-0.000211437
-0.000221332
-0.000231227
-0.000241122
-0.000251017
-0.000260912
-0.000270807
-0.000280702
-0.000290597
-0.000300492
-0.000310387
-0.000320282
-0.000330177
-0.000340072
-0.000349966
-0.000357969
-0.000359733
-0.000361497
-0.000363261
-0.000365025
-0.000366789
-0.000368553
-0.000370317
-0.000372081
-0.000373845
-0.000375609
-0.000377373
-0.000379136
-0.0003809
-0.000382664
-0.000384428
-0.000386192
-0.000387956
-0.00038972
-0.000391484
-0.000393248
-0.000395012
-0.000396776
-0.00039854
-0.000400304
-0.000402068
-0.000403832
-0.000405596
-0.00040736
-0.000409124
-0.000410888
-0.000412652
-0.000414415
-0.000416179
-0.000417943
-0.000419707
-0.000421471
-0.000423235
-0.000424999
-0.000426763
-0.000428527
-0.000430291
-0.000432055
-0.000433819
-0.000435583
-0.000437347
-0.000439111
-0.000440875
-0.000442639
-0.000444403
-0.000446166
-0.00044793
-0.000449694
-0.000451458
-0.000453222
-0.000454986
-0.00045675
-0.000458514
-0.000460278
-0.000462042
-0.000463806
-0.00046557
-0.000467334
-0.000469098
-0.000470862
-0.000472626
-0.00047439
-0.000476153
-0.0004782
-0.000480389
-0.000482577
-0.000484766
-0.000486954
-0.000489143
-0.000491331
-0.00049352
-0.000495708
-0.000497897
-0.000500085
-0.000502274
-0.000504462
-0.000506651
-0.000508839
-0.000511027
-0.000513216
-0.000515404
-0.000517593
-0.000519781
-0.00052197
-0.000524158
-0.000526347
-0.000528535
-0.000530724
-0.000532912
-0.000535101
-0.000537289
-0.000521775
-0.00050626
-0.000490746
-0.000475231
-0.000459717
-0.000444202
-0.000428688
-0.000413173
-0.000397659
-0.000382144
-0.00036663
-0.000351115
-0.000335601
-0.000320086
-0.000304572
-0.000289057
-0.000273543
-0.000258029
-0.000242514
-0.000227
-0.000211485
-0.000195971
-0.000180456
-0.000164942
-0.000149427
-0.000133913
-0.000118398
-0.000102884
-8.73696e-05
-7.18551e-05
-5.63407e-05
-4.08263e-05
-2.53118e-05
-9.79739e-06
3.3483e-06
1.24346e-05
2.1521e-05
3.06073e-05
3.96937e-05
4.878e-05
5.78664e-05
6.69527e-05
7.6039e-05
8.51254e-05
9.42117e-05
0.000103298
0.000112384
0.000121471
0.000130557
0.000139643
0.00014873
0.000157816
0.000166902
0.000175989
0.000185075
0.000194161
0.000203248
0.000212334
0.00022142
0.000230507
0.000239593
0.00024868
0.000257766
0.000266852
0.000275939
0.000285025
0.000294111
0.000303198
0.000312284
0.00032137
0.000330457
0.000339543
0.000348629
0.000357716
0.000366802
0.000375888
0.000384975
0.000394061
0.000402997
0.00040454
0.000406084
0.000407628
0.000409171
0.000410715
0.000412258
0.000413802
0.000415346
0.000416889
0.000418433
0.000419977
0.00042152
0.000423064
0.000424607
0.000426151
0.000427695
0.000429238
0.000430782
0.000432326
0.000433869
0.000435413
0.000436956
0.0004385
0.000440044
0.000441587
0.000443131
0.000444675
0.000446218
0.000447762
0.000449305
0.000450849
0.000452393
0.000453936
0.00045548
0.000457024
0.000458567
0.000460111
0.000461654
0.000463198
0.000464742
0.000466285
0.000467829
0.000469373
0.000470916
0.00047246
0.000474003
0.000475547
0.000477091
0.000478634
0.000480178
0.000481722
0.000483265
0.000484809
0.000486353
0.000487896
0.00048944
0.000490983
0.000492527
0.000494071
0.000495614
0.000497158
0.000498702
0.000500245
0.000501789
0.000503333
0.000504876
0.00050642
0.000507963
0.000509507
0.000511051
0.000512594
0.000514138
0.000515682
0.000517225
0.000518769
0.000520313
0.000521856
0.0005234
0.000524943
0.000526487
0.000528031
0.000529574
0.000531118
0.000532662
0.000534205
0.000535749
0.000537293
0.000521778
0.000506264
0.000490749
0.000475235
0.000459721
0.000444206
0.000428692
0.000413178
0.000397663
0.000382149
0.000366634
0.00035112
0.000335606
0.000320091
0.000304577
0.000289063
0.000273548
0.000258034
0.000242519
0.000227005
0.000211491
0.000195976
0.000180462
0.000164947
0.000149433
0.000133919
0.000118404
0.00010289
8.73755e-05
7.18611e-05
5.63467e-05
4.08323e-05
2.53178e-05
9.80343e-06
-3.34477e-06
-1.24312e-05
-2.15175e-05
-3.06039e-05
-3.96903e-05
-4.87767e-05
-5.78631e-05
-6.69495e-05
-7.60359e-05
-8.51223e-05
-9.42087e-05
-0.000103295
-0.000112381
-0.000121468
-0.000130554
-0.000139641
-0.000148727
-0.000157813
-0.0001669
-0.000175986
-0.000185073
-0.000194159
-0.000203245
-0.000212332
-0.000221418
-0.000230505
-0.000239591
-0.000248677
-0.000257764
-0.00026685
-0.000275936
-0.000285023
-0.000294109
-0.000303196
-0.000312282
-0.000321368
-0.000330455
-0.000339541
-0.000348628
-0.000357714
-0.0003668
-0.000375887
-0.000384973
-0.00039406
-0.000403
-0.000404544
-0.000406087
-0.000407631
-0.000409174
-0.000410718
-0.000412262
-0.000413805
-0.000415349
-0.000416892
-0.000418436
-0.000419979
-0.000421523
-0.000423066
-0.00042461
-0.000426154
-0.000427697
-0.000429241
-0.000430784
-0.000432328
-0.000433871
-0.000435415
-0.000436958
-0.000438502
-0.000440046
-0.000441589
-0.000443133
-0.000444676
-0.00044622
-0.000447763
-0.000449307
-0.00045085
-0.000452394
-0.000453938
-0.000455481
-0.000457025
-0.000458568
-0.000460112
-0.000461655
-0.000463199
-0.000464742
-0.000466286
-0.00046783
-0.000469373
-0.000470917
-0.00047246
-0.000474004
-0.000475547
-0.000477091
-0.000478634
-0.000480178
-0.000481721
-0.000483265
-0.000484809
-0.000486352
-0.000487896
-0.000489439
-0.000490983
-0.000492526
-0.00049407
-0.000495613
-0.000497157
-0.0004987
-0.000500244
-0.000501788
-0.000503331
-0.000504875
-0.000506418
-0.000507962
-0.000509505
-0.000511049
-0.000512592
-0.000514136
-0.000515679
-0.000517223
-0.000518767
-0.00052031
-0.000521854
-0.000523397
-0.000524941
-0.000526484
-0.000528028
-0.000529571
-0.000531115
-0.000532658
-0.000534202
-0.000535745
-0.000537289
-0.000521775
-0.00050626
-0.000490746
-0.000475231
-0.000459717
-0.000444202
-0.000428688
-0.000413173
-0.000397659
-0.000382144
-0.00036663
-0.000351115
-0.000335601
-0.000320086
-0.000304572
-0.000289057
-0.000273543
-0.000258029
-0.000242514
-0.000227
-0.000211485
-0.000195971
-0.000180456
-0.000164942
-0.000149427
-0.000133913
-0.000118398
-0.000102884
-8.73696e-05
-7.18551e-05
-5.63407e-05
-4.08263e-05
-2.53118e-05
-9.79739e-06
3.3483e-06
1.24346e-05
2.1521e-05
3.06073e-05
3.96937e-05
4.878e-05
5.78664e-05
6.69527e-05
7.6039e-05
8.51254e-05
9.42117e-05
0.000103298
0.000112384
0.000121471
0.000130557
0.000139643
0.00014873
0.000157816
0.000166902
0.000175989
0.000185075
0.000194161
0.000203248
0.000212334
0.00022142
0.000230507
0.000239593
0.00024868
0.000257766
0.000266852
0.000275939
0.000285025
0.000294111
0.000303198
0.000312284
0.00032137
0.000330457
0.000339543
0.000348629
0.000357716
0.000366802
0.000375888
0.000384975
0.000394061
0.000402997
0.00040454
0.000406084
0.000407628
0.000409171
0.00041071
0.000412249
0.000413788
0.000415327
0.000416866
0.000418405
0.000419944
0.000421483
0.000423022
0.000424561
0.0004261
0.000427639
0.000429178
0.000430717
0.000432256
0.000433795
0.000435334
0.000436873
0.000438412
0.000439951
0.00044149
0.000443029
0.000444568
0.000446107
0.000447646
0.000449185
0.000450724
0.000452263
0.000453802
0.000455341
0.00045688
0.000458419
0.000459958
0.000461497
0.000463036
0.000464575
0.000466114
0.000467653
0.000469192
0.000470731
0.00047227
0.000473809
0.000475348
0.000476887
0.000478426
0.000479965
0.000481504
0.000483043
0.000484582
0.000486121
0.00048766
0.000489199
0.000490738
0.000492277
0.000493816
0.000495355
0.000496894
0.000498433
0.000499972
0.000501511
0.00050305
0.000504589
0.000506128
0.000507667
0.000509206
0.000510745
0.000512284
0.000513823
0.000515362
0.000516901
0.00051844
0.000519979
0.000521518
0.000523057
0.000524596
0.000526135
0.000527674
0.000529213
0.000530752
0.000532291
0.00053383
0.000535369
0.000536908
0.000538929
0.000541111
0.000543293
0.000545475
0.000547657
0.000549839
0.000552021
0.000554203
0.000556385
0.000558567
0.000560749
0.000562931
0.000565113
0.000567295
0.000569477
0.000571659
0.000573841
0.000576023
0.000578205
0.000580387
0.000582569
0.000584751
0.000586933
0.000589115
0.000591297
0.000593479
0.000595661
0.000597843
0.000582375
0.000566907
0.00055144
0.000535972
0.000520504
0.000505036
0.000489568
0.000474101
0.000458633
0.000443165
0.000427697
0.00041223
0.000396762
0.000381294
0.000365826
0.000350358
0.000334891
0.000319423
0.000303955
0.000288487
0.00027302
0.000257552
0.000242084
0.000226616
0.000211148
0.000195681
0.000180213
0.000164745
0.000149277
0.000133809
0.000118342
0.000102874
8.74059e-05
7.19381e-05
5.64703e-05
4.10025e-05
2.55347e-05
1.00669e-05
-2.78952e-06
-1.07784e-05
-1.87674e-05
-2.67563e-05
-3.47452e-05
-4.27341e-05
-5.0723e-05
-5.8712e-05
-6.67009e-05
-7.46898e-05
-8.26787e-05
-9.06676e-05
-9.86566e-05
-0.000106645
-0.000114634
-0.000122623
-0.000130612
-0.000138601
-0.00014659
-0.000154579
-0.000162568
-0.000170557
-0.000178546
-0.000186535
-0.000194524
-0.000202513
-0.000210501
-0.00021849
-0.000226479
-0.000234468
-0.000242457
-0.000250446
-0.000258435
-0.000266424
-0.000274413
-0.000282402
-0.000290391
-0.00029838
-0.000306368
-0.000314357
-0.000322346
-0.000330335
-0.000338324
-0.000346313
-0.000354302
-0.000362291
-0.00037028
-0.000378269
-0.000386258
-0.000394247
-0.000402236
-0.000404131
-0.000405408
-0.000406685
-0.000407963
-0.00040924
-0.000410517
-0.000411795
-0.000413072
-0.000414349
-0.000415627
-0.000416904
-0.000418181
-0.000419459
-0.000420736
-0.000422013
-0.00042329
-0.000424568
-0.000425845
-0.000427122
-0.0004284
-0.000429677
-0.000430954
-0.000432232
-0.000433509
-0.000434786
-0.000436063
-0.000437341
-0.000438618
-0.000439895
-0.000441173
-0.00044245
-0.000443727
-0.000445005
-0.000446282
-0.000447559
-0.000448836
-0.000450114
-0.000451391
-0.000452668
-0.000453946
-0.000455223
-0.0004565
-0.000457778
-0.000459055
-0.000460332
-0.000461609
-0.000462887
-0.000464164
-0.000465441
-0.000466719
-0.000467996
-0.000469273
-0.000470551
-0.000471828
-0.000473105
-0.000474382
-0.00047566
-0.000476937
-0.000478214
-0.000479492
-0.000480769
-0.000482046
-0.000483324
-0.000484601
-0.000485878
-0.000487155
-0.000488433
-0.00048971
-0.000490987
-0.000492265
-0.000493542
-0.000494819
-0.000496096
-0.000497374
-0.000498651
-0.000499928
-0.000501206
-0.000502483
-0.00050376
-0.000505037
-0.000506315
-0.000507592
-0.000508869
-0.000510147
-0.000511424
-0.000512701
-0.000513979
-0.000515256
-0.000516533
-0.00051781
-0.000519088
-0.000520365
-0.000521642
-0.00052292
-0.000524197
-0.000525474
-0.000526751
-0.000528029
-0.000529306
-0.000530583
-0.000531861
-0.000533138
-0.000534415
-0.000535692
-0.00053697
-0.000538925
-0.000541107
-0.000543289
-0.000545471
-0.000547653
-0.000549835
-0.000552017
-0.000554199
-0.000556381
-0.000558562
-0.000560744
-0.000562926
-0.000565108
-0.00056729
-0.000569472
-0.000571654
-0.000573836
-0.000576017
-0.000578199
-0.000580381
-0.000582563
-0.000584745
-0.000586927
-0.000589109
-0.000591291
-0.000593473
-0.000595654
-0.000597836
-0.000582368
-0.0005669
-0.000551433
-0.000535965
-0.000520497
-0.000505029
-0.000489561
-0.000474093
-0.000458625
-0.000443157
-0.000427689
-0.000412222
-0.000396754
-0.000381286
-0.000365818
-0.00035035
-0.000334882
-0.000319414
-0.000303946
-0.000288478
-0.000273011
-0.000257543
-0.000242075
-0.000226607
-0.000211139
-0.000195671
-0.000180203
-0.000164736
-0.000149268
-0.0001338
-0.000118332
-0.000102864
-8.73962e-05
-7.19284e-05
-5.64605e-05
-4.09927e-05
-2.55248e-05
-1.0057e-05
2.67299e-06
1.03142e-05
1.79553e-05
2.55965e-05
3.32377e-05
4.08788e-05
4.852e-05
5.61611e-05
6.38023e-05
7.14435e-05
7.90846e-05
8.67258e-05
9.4367e-05
0.000102008
0.000109649
0.00011729
0.000124932
0.000132573
0.000140214
0.000147855
0.000155496
0.000163137
0.000170779
0.00017842
0.000186061
0.000193702
0.000201343
0.000208984
0.000216626
0.000224267
0.000231908
0.000239549
0.00024719
0.000254831
0.000262473
0.000270114
0.000277755
0.000285396
0.000293037
0.000300678
0.00030832
0.000315961
0.000323602
0.000331243
0.000338884
0.000346525
0.000354167
0.000361808
0.000369449
0.00037709
0.000384731
0.000392372
0.000400014
0.000407655
0.000415296
0.000422937
0.000430578
0.00043822
0.000445861
0.000449181
0.000450379
0.000451578
0.000452777
0.000453976
0.000455175
0.000456374
0.000457573
0.000458772
0.00045997
0.000461169
0.000462368
0.000463567
0.000464766
0.000465965
0.000467164
0.000468363
0.000469561
0.00047076
0.000471959
0.000473158
0.000474357
0.000475556
0.000476755
0.000477954
0.000479153
0.000480351
0.00048155
0.000482749
0.000483948
0.000485147
0.000486346
0.000487545
0.000488744
0.000489942
0.000491141
0.00049234
0.000493539
0.000494738
0.000495937
0.000497136
0.000498335
0.000499534
0.000500732
0.000501931
0.00050313
0.000504329
0.000505528
0.000506727
0.000507926
0.000509125
0.000510324
0.000511522
0.000512721
0.00051392
0.000515119
0.000516318
0.000517517
0.000518716
0.000519915
0.000521113
0.000522312
0.000523511
0.00052471
0.000525909
0.000527108
0.000528307
0.000529506
0.000530705
0.000531904
0.000533102
0.000534301
0.0005355
0.000536699
0.000537898
0.000539097
0.000540296
0.000541495
0.000542694
0.000543892
0.000545091
0.00054629
0.000547489
0.000548688
0.000549887
0.000551086
0.000552285
0.000553484
0.000554682
0.000555881
0.00055708
0.000558279
0.000559478
0.000560677
0.000561876
0.000563075
0.000564274
0.000565473
0.000566671
0.00056787
0.000569069
0.000570268
0.000571467
0.000572666
0.000573865
0.000575064
0.000576263
0.000577462
0.00057866
0.000579859
0.000581058
0.000582257
0.000583456
0.000584655
0.000585854
0.000587053
0.000588252
0.000589451
0.000590649
0.000591848
0.000593047
0.000594246
0.000595445
0.000596644
0.000597843
0.000582375
0.000566907
0.00055144
0.000535972
0.000520504
0.000505036
0.000489568
0.000474101
0.000458633
0.000443165
0.000427697
0.00041223
0.000396762
0.000381294
0.000365826
0.000350358
0.000334891
0.000319423
0.000303955
0.000288487
0.00027302
0.000257552
0.000242084
0.000226616
0.000211148
0.000195681
0.000180213
0.000164745
0.000149277
0.000133809
0.000118342
0.000102874
8.74059e-05
7.19381e-05
5.64703e-05
4.10025e-05
2.55347e-05
1.00669e-05
-2.66812e-06
-1.03094e-05
-1.79506e-05
-2.55918e-05
-3.32331e-05
-4.08743e-05
-4.85155e-05
-5.61568e-05
-6.3798e-05
-7.14392e-05
-7.90805e-05
-8.67217e-05
-9.43629e-05
-0.000102004
-0.000109645
-0.000117287
-0.000124928
-0.000132569
-0.00014021
-0.000147852
-0.000155493
-0.000163134
-0.000170775
-0.000178417
-0.000186058
-0.000193699
-0.00020134
-0.000208981
-0.000216623
-0.000224264
-0.000231905
-0.000239546
-0.000247188
-0.000254829
-0.00026247
-0.000270111
-0.000277753
-0.000285394
-0.000293035
-0.000300676
-0.000308317
-0.000315959
-0.0003236
-0.000331241
-0.000338882
-0.000346524
-0.000354165
-0.000361806
-0.000369447
-0.000377089
-0.00038473
-0.000392371
-0.000400012
-0.000407653
-0.000415295
-0.000422936
-0.000430577
-0.000438218
-0.00044586
-0.000449186
-0.000450385
-0.000451584
-0.000452782
-0.000453981
-0.00045518
-0.000456379
-0.000457578
-0.000458776
-0.000459975
-0.000461174
-0.000462373
-0.000463572
-0.00046477
-0.000465969
-0.000467168
-0.000468367
-0.000469566
-0.000470764
-0.000471963
-0.000473162
-0.000474361
-0.00047556
-0.000476758
-0.000477957
-0.000479156
-0.000480355
-0.000481554
-0.000482752
-0.000483951
-0.00048515
-0.000486349
-0.000487548
-0.000488746
-0.000489945
-0.000491144
-0.000492343
-0.000493542
-0.00049474
-0.000495939
-0.000497138
-0.000498337
-0.000499536
-0.000500734
-0.000501933
-0.000503132
-0.000504331
-0.00050553
-0.000506728
-0.000507927
-0.000509126
-0.000510325
-0.000511524
-0.000512722
-0.000513921
-0.00051512
-0.000516319
-0.000517518
-0.000518716
-0.000519915
-0.000521114
-0.000522313
-0.000523512
-0.00052471
-0.000525909
-0.000527108
-0.000528307
-0.000529506
-0.000530704
-0.000531903
-0.000533102
-0.000534301
-0.000535499
-0.000536698
-0.000537897
-0.000539096
-0.000540295
-0.000541493
-0.000542692
-0.000543891
-0.00054509
-0.000546289
-0.000547487
-0.000548686
-0.000549885
-0.000551084
-0.000552283
-0.000553481
-0.00055468
-0.000555879
-0.000557078
-0.000558276
-0.000559475
-0.000560674
-0.000561873
-0.000563072
-0.00056427
-0.000565469
-0.000566668
-0.000567867
-0.000569066
-0.000570264
-0.000571463
-0.000572662
-0.000573861
-0.000575059
-0.000576258
-0.000577457
-0.000578656
-0.000579855
-0.000581053
-0.000582252
-0.000583451
-0.00058465
-0.000585848
-0.000587047
-0.000588246
-0.000589445
-0.000590644
-0.000591842
-0.000593041
-0.00059424
-0.000595439
-0.000596638
-0.000597836
-0.000582368
-0.0005669
-0.000551433
-0.000535965
-0.000520497
-0.000505029
-0.000489561
-0.000474093
-0.000458625
-0.000443157
-0.000427689
-0.000412222
-0.000396754
-0.000381286
-0.000365818
-0.00035035
-0.000334882
-0.000319414
-0.000303946
-0.000288478
-0.000273011
-0.000257543
-0.000242075
-0.000226607
-0.000211139
-0.000195671
-0.000180203
-0.000164736
-0.000149268
-0.0001338
-0.000118332
-0.000102864
-8.73962e-05
-7.19284e-05
-5.64605e-05
-4.09927e-05
-2.55248e-05
-1.0057e-05
2.67299e-06
1.03142e-05
1.79553e-05
2.55965e-05
3.32377e-05
4.08788e-05
4.852e-05
5.61611e-05
6.38023e-05
7.14435e-05
7.90846e-05
8.67258e-05
9.4367e-05
0.000102008
0.000109649
0.00011729
0.000124932
0.000132573
0.000140214
0.000147855
0.000155496
0.000163137
0.000170779
0.00017842
0.000186061
0.000193702
0.000201343
0.000208984
0.000216626
0.000224267
0.000231908
0.000239549
0.00024719
0.000254831
0.000262473
0.000270114
0.000277755
0.000285396
0.000293037
0.000300678
0.00030832
0.000315961
0.000323602
0.000331243
0.000338884
0.000346525
0.000354167
0.000361808
0.000369449
0.00037709
0.000384731
0.000392372
0.000400014
0.000407655
0.000415296
0.000422937
0.000430578
0.00043822
0.000445861
0.000449181
0.000450379
0.000451578
0.000452777
0.000453976
0.000455175
0.000456374
0.000457573
0.000458772
0.00045997
0.000461169
0.000462368
0.000463567
0.000464766
0.000465963
0.000467159
0.000468356
0.000469553
0.00047075
0.000471946
0.000473143
0.00047434
0.000475536
0.000476733
0.00047793
0.000479127
0.000480323
0.00048152
0.000482717
0.000483914
0.00048511
0.000486307
0.000487504
0.0004887
0.000489897
0.000491094
0.000492291
0.000493487
0.000494684
0.000495881
0.000497078
0.000498274
0.000499471
0.000500668
0.000501864
0.000503061
0.000504258
0.000505455
0.000506651
0.000507848
0.000509045
0.000510242
0.000511438
0.000512635
0.000513832
0.000515028
0.000516225
0.000517422
0.000518619
0.000519815
0.000521012
0.000522209
0.000523406
0.000524602
0.000525799
0.000526996
0.000528193
0.000529389
0.000530586
0.000531783
0.000532979
0.000534176
0.000535373
0.00053657
0.000537766
0.000538963
0.00054016
0.000541357
0.000542553
0.00054375
0.000544947
0.000546144
0.00054734
0.000548537
0.000549734
0.000550931
0.000552127
0.000553324
0.000554521
0.000555717
0.000556914
0.000558111
0.000559308
0.000560504
0.000561701
0.000562898
0.000564095
0.000565291
0.000566488
0.000567685
0.000568882
0.000570078
0.000571275
0.000572472
0.000573669
0.000574865
0.000576062
0.000577259
0.000578456
0.000579652
0.000580849
0.000582046
0.000583243
0.000584439
0.000585636
0.000586833
0.00058803
0.000589226
0.000590423
0.00059162
0.000592817
0.000594013
0.00059521
0.000596407
0.000597603
0.000599585
0.000601763
0.000603941
0.00060612
0.000608298
0.000610476
0.000612654
0.000614832
0.00061701
0.000619188
0.000621366
0.000623544
0.000625722
0.0006279
0.000630078
0.000632256
0.000634435
0.000636613
0.000638791
0.000640969
0.000643147
0.000645325
0.000647503
0.000649681
0.000651859
0.000662908
0.000704507
0.000746104
0.000730663
0.000715223
0.000699782
0.000684342
0.000668901
0.000653461
0.00063802
0.00062258
0.000607139
0.000591699
0.000576258
0.000560818
0.000545377
0.000529937
0.000514496
0.000499056
0.000483615
0.000468175
0.000452734
0.000437294
0.000421853
0.000406413
0.000390972
0.000375532
0.000360091
0.000344651
0.00032921
0.00031377
0.000298329
0.000282889
0.000267448
0.000252008
0.000236567
0.000221127
0.000205686
0.000190246
0.000174805
0.000159365
0.000143924
0.000128484
0.000113043
9.76025e-05
8.53541e-05
7.84269e-05
7.14996e-05
6.45724e-05
5.76451e-05
5.07178e-05
4.37906e-05
3.68633e-05
2.9936e-05
2.30088e-05
1.60815e-05
9.15427e-06
2.22701e-06
-4.70025e-06
-1.16275e-05
-1.85548e-05
-2.5482e-05
-3.24093e-05
-3.93366e-05
-4.62638e-05
-5.31911e-05
-6.01183e-05
-6.70456e-05
-7.39728e-05
-8.09001e-05
-8.78274e-05
-9.47546e-05
-0.000101682
-0.000108609
-0.000115536
-0.000122464
-0.000129391
-0.000136318
-0.000143245
-0.000150173
-0.0001571
-0.000164027
-0.000170954
-0.000177882
-0.000184809
-0.000191736
-0.000198663
-0.000205591
-0.000212518
-0.000219445
-0.000226372
-0.0002333
-0.000240227
-0.000247154
-0.000254082
-0.000261009
-0.000267936
-0.000274863
-0.000281791
-0.000288718
-0.000295645
-0.000302572
-0.0003095
-0.000316427
-0.000323354
-0.000330281
-0.000337209
-0.000344136
-0.000351063
-0.00035799
-0.000361117
-0.000362164
-0.000363211
-0.000364258
-0.000365305
-0.000366352
-0.000367399
-0.000368446
-0.000369492
-0.000370539
-0.000371586
-0.000372633
-0.00037368
-0.000374727
-0.000375774
-0.000376821
-0.000377868
-0.000378915
-0.000379962
-0.000381009
-0.000382056
-0.000383103
-0.00038415
-0.000385197
-0.000386244
-0.000387291
-0.000388338
-0.000389385
-0.000390432
-0.000391479
-0.000392526
-0.000393573
-0.00039462
-0.000395667
-0.000396714
-0.000397761
-0.000398808
-0.000399855
-0.000400902
-0.000401949
-0.000402996
-0.000404043
-0.00040509
-0.000406137
-0.000407184
-0.000408231
-0.000409277
-0.000410324
-0.000411371
-0.000412418
-0.000413465
-0.000414512
-0.000415559
-0.000416606
-0.000417653
-0.0004187
-0.000419747
-0.000420794
-0.000421841
-0.000422888
-0.000423935
-0.000424982
-0.000426029
-0.000427076
-0.000428123
-0.00042917
-0.000430217
-0.000431264
-0.000432311
-0.000433358
-0.000434405
-0.000435452
-0.000436499
-0.000437546
-0.000438593
-0.000439639
-0.000440686
-0.000441733
-0.00044278
-0.000443827
-0.000444874
-0.000445921
-0.000446968
-0.000448015
-0.000449062
-0.000450109
-0.000451156
-0.000452203
-0.00045325
-0.000454297
-0.000455344
-0.000456391
-0.000457438
-0.000458485
-0.000459532
-0.000460579
-0.000461626
-0.000462673
-0.00046372
-0.000464767
-0.000465814
-0.00046686
-0.000467907
-0.000468954
-0.000470001
-0.000471048
-0.000472095
-0.000473142
-0.000474189
-0.000475236
-0.000476283
-0.00047733
-0.000478377
-0.000479424
-0.000480471
-0.000481518
-0.000482565
-0.000483612
-0.000484659
-0.000485706
-0.000486753
-0.0004878
-0.000488847
-0.000489893
-0.00049094
-0.000491987
-0.000493034
-0.000494081
-0.000495128
-0.000496175
-0.000497222
-0.000498269
-0.000499316
-0.000500363
-0.00050141
-0.000502457
-0.000503504
-0.000504551
-0.000505598
-0.000506645
-0.000507692
-0.000508739
-0.000509786
-0.000511875
-0.000514053
-0.000516231
-0.000518409
-0.000520587
-0.000522764
-0.000524942
-0.00052712
-0.000529298
-0.000531476
-0.000533654
-0.000535831
-0.000538009
-0.000540187
-0.000542365
-0.000544543
-0.000546721
-0.000548898
-0.000551076
-0.000553254
-0.000555432
-0.00055761
-0.000559788
-0.000579585
-0.000621679
-0.000663738
-0.000705802
-0.000747868
-0.000732426
-0.000716984
-0.000701542
-0.000686099
-0.000670657
-0.000655215
-0.000639773
-0.000624331
-0.000608888
-0.000593446
-0.000578004
-0.000562562
-0.00054712
-0.000531677
-0.000516235
-0.000500793
-0.000485351
-0.000469908
-0.000454466
-0.000439024
-0.000423582
-0.00040814
-0.000392697
-0.000377255
-0.000361813
-0.000346371
-0.000330929
-0.000315487
-0.000300044
-0.000284602
-0.00026916
-0.000253718
-0.000238276
-0.000222833
-0.000207391
-0.000191949
-0.000176507
-0.000161065
-0.000145623
-0.00013018
-0.000114738
-9.92961e-05
-8.71176e-05
-8.03493e-05
-7.35816e-05
-6.68139e-05
-6.00463e-05
-5.32786e-05
-4.65109e-05
-3.97432e-05
-3.29755e-05
-2.62078e-05
-1.94401e-05
-1.26724e-05
-5.90473e-06
8.62967e-07
7.63066e-06
1.43984e-05
2.1166e-05
2.79337e-05
3.47014e-05
4.14691e-05
4.82368e-05
5.50045e-05
6.17722e-05
6.85399e-05
7.53076e-05
8.20753e-05
8.8843e-05
9.56107e-05
0.000102378
0.000109146
0.000115914
0.000122681
0.000129449
0.000136217
0.000142985
0.000149752
0.00015652
0.000163288
0.000170055
0.000176823
0.000183591
0.000190358
0.000197126
0.000203894
0.000210662
0.000217429
0.000224197
0.000230965
0.000237732
0.0002445
0.000251268
0.000258035
0.000264803
0.000271571
0.000278338
0.000285106
0.000291874
0.000298642
0.000305409
0.000312177
0.000318945
0.000325712
0.00033248
0.000339248
0.000346016
0.000352783
0.000359551
0.000366319
0.000373086
0.000379854
0.000386622
0.000393389
0.000400157
0.000404443
0.000405458
0.000406473
0.000407488
0.000408502
0.000409517
0.000410532
0.000411547
0.000412562
0.000413577
0.000414592
0.000415606
0.000416621
0.000417636
0.000418651
0.000419666
0.000420681
0.000421696
0.000422711
0.000423725
0.00042474
0.000425755
0.00042677
0.000427785
0.0004288
0.000429815
0.000430829
0.000431844
0.000432859
0.000433874
0.000434889
0.000435904
0.000436919
0.000437933
0.000438948
0.000439963
0.000440978
0.000441993
0.000443008
0.000444023
0.000445038
0.000446052
0.000447067
0.000448082
0.000449097
0.000450112
0.000451127
0.000452142
0.000453156
0.000454171
0.000455186
0.000456201
0.000457216
0.000458231
0.000459246
0.000460261
0.000461275
0.00046229
0.000463305
0.00046432
0.000465335
0.00046635
0.000467365
0.00046838
0.000469394
0.000470409
0.000471424
0.000472439
0.000473454
0.000474469
0.000475484
0.000476499
0.000477513
0.000478528
0.000479543
0.000480558
0.000481573
0.000482588
0.000483603
0.000484618
0.000485632
0.000486647
0.000487662
0.000488677
0.000489692
0.000490707
0.000491722
0.000492737
0.000493751
0.000494766
0.000495781
0.000496796
0.000497811
0.000498826
0.000499841
0.000500856
0.00050187
0.000502885
0.0005039
0.000504915
0.00050593
0.000506945
0.00050796
0.000508975
0.000509989
0.000511004
0.000512019
0.000513034
0.000514049
0.000515064
0.000516079
0.000517094
0.000518108
0.000519123
0.000520138
0.000521153
0.000522168
0.000523183
0.000524198
0.000525213
0.000526228
0.000527242
0.000528257
0.000529272
0.000530287
0.000531302
0.000532317
0.000533332
0.000534347
0.000535361
0.000536376
0.000537391
0.000538406
0.000539421
0.000540436
0.000541451
0.000542466
0.000543481
0.000544495
0.00054551
0.000546525
0.00054754
0.000548555
0.00054957
0.000550585
0.0005516
0.000552615
0.000553629
0.000554644
0.000555659
0.000556674
0.000557689
0.000558704
0.000568434
0.0005883
0.000608268
0.000628234
0.000648197
0.000668159
0.00068812
0.000708078
0.000728034
0.000747989
0.000732546
0.000717103
0.000701659
0.000686216
0.000670773
0.00065533
0.000639887
0.000624444
0.000609
0.000593557
0.000578114
0.000562671
0.000547228
0.000531785
0.000516341
0.000500898
0.000485455
0.000470012
0.000454569
0.000439125
0.000423682
0.000408239
0.000392796
0.000377353
0.000361909
0.000346466
0.000331023
0.00031558
0.000300137
0.000284693
0.00026925
0.000253807
0.000238364
0.00022292
0.000207477
0.000192034
0.000176591
0.000161148
0.000145704
0.000130261
0.000114818
9.93747e-05
8.71838e-05
8.04164e-05
7.36483e-05
6.68803e-05
6.01122e-05
5.33442e-05
4.65762e-05
3.98081e-05
3.30401e-05
2.6272e-05
1.9504e-05
1.2736e-05
5.96791e-06
-8.00128e-07
-7.56817e-06
-1.43362e-05
-2.11042e-05
-2.78723e-05
-3.46403e-05
-4.14084e-05
-4.81764e-05
-5.49444e-05
-6.17125e-05
-6.84805e-05
-7.52486e-05
-8.20166e-05
-8.87846e-05
-9.55527e-05
-0.000102321
-0.000109089
-0.000115857
-0.000122625
-0.000129393
-0.000136161
-0.000142929
-0.000149697
-0.000156465
-0.000163233
-0.000170001
-0.000176769
-0.000183537
-0.000190305
-0.000197073
-0.000203841
-0.000210609
-0.000217377
-0.000224145
-0.000230913
-0.000237681
-0.000244449
-0.000251217
-0.000257986
-0.000264754
-0.000271522
-0.00027829
-0.000285058
-0.000291826
-0.000298594
-0.000305362
-0.00031213
-0.000318898
-0.000325666
-0.000332434
-0.000339202
-0.00034597
-0.000352738
-0.000359506
-0.000366274
-0.000373042
-0.00037981
-0.000386578
-0.000393346
-0.000400114
-0.000404403
-0.000405418
-0.000406432
-0.000407446
-0.000408461
-0.000409475
-0.00041049
-0.000411504
-0.000412519
-0.000413533
-0.000414547
-0.000415562
-0.000416576
-0.000417591
-0.000418605
-0.00041962
-0.000420634
-0.000421648
-0.000422663
-0.000423677
-0.000424692
-0.000425706
-0.000426721
-0.000427735
-0.000428749
-0.000429764
-0.000430778
-0.000431793
-0.000432807
-0.000433822
-0.000434836
-0.00043585
-0.000436865
-0.000437879
-0.000438894
-0.000439908
-0.000440923
-0.000441937
-0.000442951
-0.000443966
-0.00044498
-0.000445995
-0.000447009
-0.000448023
-0.000449038
-0.000450052
-0.000451067
-0.000452081
-0.000453096
-0.00045411
-0.000455124
-0.000456139
-0.000457153
-0.000458168
-0.000459182
-0.000460196
-0.000461211
-0.000462225
-0.00046324
-0.000464254
-0.000465269
-0.000466283
-0.000467297
-0.000468312
-0.000469326
-0.000470341
-0.000471355
-0.00047237
-0.000473384
-0.000474398
-0.000475413
-0.000476427
-0.000477442
-0.000478456
-0.00047947
-0.000480485
-0.000481499
-0.000482514
-0.000483528
-0.000484542
-0.000485557
-0.000486571
-0.000487586
-0.0004886
-0.000489615
-0.000490629
-0.000491643
-0.000492658
-0.000493672
-0.000494687
-0.000495701
-0.000496715
-0.00049773
-0.000498744
-0.000499759
-0.000500773
-0.000501787
-0.000502802
-0.000503816
-0.000504831
-0.000505845
-0.00050686
-0.000507874
-0.000508888
-0.000509903
-0.000510917
-0.000511932
-0.000512946
-0.00051396
-0.000514975
-0.000515989
-0.000517004
-0.000518018
-0.000519032
-0.000520047
-0.000521061
-0.000522076
-0.00052309
-0.000524104
-0.000525119
-0.000526133
-0.000527148
-0.000528162
-0.000529177
-0.000530191
-0.000531205
-0.00053222
-0.000533234
-0.000534249
-0.000535263
-0.000536277
-0.000537292
-0.000538306
-0.000539321
-0.000540335
-0.000541349
-0.000542364
-0.000543378
-0.000544393
-0.000545407
-0.000546421
-0.000547436
-0.00054845
-0.000549465
-0.000550479
-0.000551493
-0.000552508
-0.000553522
-0.000554537
-0.000555551
-0.000556565
-0.00055758
-0.000558594
-0.000568086
-0.000588293
-0.000608474
-0.000628658
-0.000648843
-0.00066903
-0.000689219
-0.000709409
-0.000729602
-0.000749796
-0.000734351
-0.000718907
-0.000703462
-0.000688017
-0.000672572
-0.000657127
-0.000641682
-0.000626237
-0.000610792
-0.000595347
-0.000579902
-0.000564457
-0.000549012
-0.000533567
-0.000518122
-0.000502677
-0.000487232
-0.000471787
-0.000456342
-0.000440898
-0.000425453
-0.000410008
-0.000394563
-0.000379118
-0.000363673
-0.000348228
-0.000332783
-0.000317338
-0.000301893
-0.000286448
-0.000271003
-0.000255559
-0.000240114
-0.000224669
-0.000209224
-0.000193779
-0.000178334
-0.000162889
-0.000147444
-0.000131999
-0.000116554
-0.00010111
-8.89289e-05
-8.21594e-05
-7.53904e-05
-6.86215e-05
-6.18525e-05
-5.50835e-05
-4.83146e-05
-4.15456e-05
-3.47767e-05
-2.80077e-05
-2.12387e-05
-1.44698e-05
-7.70081e-06
-9.3185e-07
5.83711e-06
1.26061e-05
1.9375e-05
2.6144e-05
3.2913e-05
3.96819e-05
4.64509e-05
5.32199e-05
5.99888e-05
6.67578e-05
7.35268e-05
8.02957e-05
8.70647e-05
9.38336e-05
0.000100603
0.000107372
0.000114141
0.00012091
0.000127678
0.000134447
0.000141216
0.000147985
0.000154754
0.000161523
0.000168292
0.000175061
0.00018183
0.000188599
0.000195368
0.000202137
0.000208906
0.000215675
0.000222444
0.000229213
0.000235982
0.000242751
0.00024952
0.000256289
0.000263058
0.000269827
0.000276596
0.000283365
0.000290134
0.000296903
0.000303672
0.000310441
0.00031721
0.000323979
0.000330748
0.000337517
0.000344286
0.000351054
0.000357823
0.000364592
0.000371361
0.00037813
0.000384899
0.000391668
0.000398437
0.000402721
0.000403736
0.000404751
0.000405766
0.000406781
0.000407796
0.000408811
0.000409826
0.000410842
0.000411857
0.000412872
0.000413887
0.000414902
0.000415917
0.000416932
0.000417947
0.000418962
0.000419977
0.000420992
0.000422007
0.000423022
0.000424037
0.000425052
0.000426067
0.000427081
0.000428095
0.000429109
0.000430123
0.000431137
0.000432151
0.000433164
0.000434178
0.000435192
0.000436206
0.00043722
0.000438234
0.000439247
0.000440261
0.000441275
0.000442289
0.000443303
0.000444317
0.000445331
0.000446344
0.000447358
0.000448372
0.000449386
0.0004504
0.000451414
0.000452428
0.000453441
0.000454455
0.000455469
0.000456483
0.000457497
0.000458511
0.000459525
0.000460538
0.000461552
0.000462566
0.00046358
0.000464594
0.000465608
0.000466621
0.000467635
0.000468649
0.000469663
0.000470677
0.000471691
0.000472705
0.000473718
0.000474732
0.000475746
0.00047676
0.000477774
0.000478788
0.000479802
0.000480815
0.000481829
0.000482843
0.000483857
0.000484871
0.000485885
0.000486899
0.000487912
0.000488926
0.00048994
0.000490954
0.000491968
0.000492982
0.000493996
0.000495009
0.000496023
0.000497037
0.000498051
0.000499065
0.000500079
0.000501093
0.000502107
0.00050312
0.000504134
0.000505148
0.000506162
0.000507176
0.00050819
0.000509204
0.000510217
0.000511231
0.000512245
0.000513259
0.000514273
0.000515287
0.000516301
0.000517314
0.000518328
0.000519342
0.000520356
0.00052137
0.000522384
0.000523398
0.000524412
0.000525425
0.000526439
0.000527453
0.000528467
0.000529481
0.000530495
0.000531509
0.000532522
0.000533536
0.00053455
0.000535564
0.000536578
0.000537592
0.000538606
0.00053962
0.000540633
0.000541647
0.000542661
0.000543675
0.000544689
0.000545703
0.000546717
0.00054773
0.000548744
0.000549758
0.000550772
0.000551786
0.0005528
0.000553814
0.000554828
0.000555841
0.000556855
0.000567252
0.000587088
0.000607033
0.000626975
0.000646916
0.000666854
0.000686791
0.000706726
0.000726659
0.000746591
0.000784774
0.0010059
0.00121848
0.00143106
0.00164364
0.00185622
0.00206881
0.00228139
0.00249397
0.00270655
0.00291913
0.00313171
0.00334429
0.00355687
0.00376946
0.00398204
0.00419462
0.0044072
0.00461978
0.00483236
0.00504494
0.00525752
0.0054701
0.00568268
0.00589526
0.00610784
0.00632042
0.006533
0.00651753
0.00650206
0.00648659
0.00647112
0.00645565
0.00644018
0.00642471
0.00640924
0.00639376
0.00637829
0.00636282
0.00634735
0.00633188
0.00631641
0.00630094
0.00628547
0.00627
0.00625452
0.00623905
0.00622358
0.00620811
0.00619264
0.00617717
0.0061617
0.00614623
0.00613076
0.00611528
0.00609981
0.00608434
0.00606887
0.0060534
0.00603793
0.00602246
0.00600699
0.00599152
0.00597604
0.00596057
0.0059451
0.00592963
0.00591416
0.00589869
0.00588322
0.00586775
0.00585228
0.00584154
0.005835
0.00582846
0.00582193
0.00581539
0.00580885
0.00580232
0.00579578
0.00578924
0.00578271
0.00577617
0.00576963
0.00576309
0.00575656
0.00575002
0.00574348
0.00573695
0.00573041
0.00572387
0.00571734
0.0057108
0.00570426
0.00569773
0.00569119
0.00568465
0.00567811
0.00567158
0.00566504
0.0056585
0.00565197
0.00564543
0.00563889
0.00563236
0.00562582
0.00561928
0.00561274
0.00560621
0.00559967
0.00559313
0.0055866
0.00558006
0.00557352
0.00556699
0.00556045
0.00555391
0.00554737
0.00554084
0.0055343
0.00552776
0.00552123
0.00551469
0.00550815
0.00550162
0.00549508
0.00548854
0.00548201
0.00547547
0.00546893
0.00546239
0.00545586
0.00544932
0.00544278
0.00543625
0.00542971
0.00542317
0.00541664
0.0054101
0.00540356
0.00539702
0.00539049
0.00538395
0.00537741
0.00537088
0.00536434
0.0053578
0.00535127
0.00534903
0.00534806
0.00534709
0.00534612
0.00534516
0.00534419
0.00534322
0.00534225
0.00534129
0.00534032
0.00533935
0.00533838
0.00533741
0.00533645
0.00533548
0.00533451
0.00533354
0.00533258
0.00533161
0.00533064
0.00532967
0.00532871
0.00532774
0.00532677
0.0053258
0.00532484
0.00532387
0.0053229
0.00532193
0.00532097
0.00532
0.00531903
0.00531806
0.0053171
0.00531613
0.00531516
0.00531419
0.00531323
0.00531226
0.00531129
0.00531032
0.00530935
0.00530839
0.00530742
0.00530645
0.00530548
0.00530452
0.00530355
0.00530258
0.00530161
0.00530065
0.00529968
0.00529871
0.00529774
0.00529678
0.00529581
0.00529484
0.00529387
0.00529291
0.00529194
0.00529097
0.00529
0.00528904
0.00528807
0.0052871
0.00528613
0.00528517
0.0052842
0.00528323
0.00528226
0.0052813
0.00528033
0.00527936
0.00527839
0.00527742
0.00527646
0.00527549
0.00527452
0.00527355
0.00527259
0.00527162
0.00527065
0.00526968
0.00526872
0.00526775
0.00526678
0.00526581
0.00526485
0.00526388
0.00526291
0.00526194
0.00526098
0.00526001
0.00525904
0.00525807
0.00525711
0.00525614
0.00525517
0.0052542
0.00525324
0.00525227
0.0052513
0.00525033
0.00524937
0.0052484
0.00524743
0.00524646
0.00524549
0.00524453
0.00524356
0.00524259
0.00524162
0.00524066
0.00523969
0.00523872
0.00523775
0.00523679
0.00523582
0.00523485
0.00523388
0.00523292
0.00523195
0.00523098
0.00523001
0.00522905
0.00522808
0.00522711
0.00522614
0.00522518
0.00520899
0.00518976
0.00517057
0.00515137
0.00513216
0.00511296
0.00509376
0.00507455
0.00505534
0.00503613
0.00501692
0.00499771
0.00497849
0.00491302
0.00477574
0.00463847
0.00450121
0.00436394
0.00422668
0.00408941
0.00395215
0.00381488
0.00367762
0.00354035
0.00340309
0.00326582
0.00312856
0.00299129
0.00285403
0.00271676
0.00257949
0.00244223
0.00230496
0.0021677
0.00203043
0.00189316
0.0017559
0.00161863
0.00148137
0.0013441
0.00120683
0.00106957
0.000932299
0.000795032
0.000657765
0.000520498
0.000383231
0.000245964
0.000108697
-2.85702e-05
-0.000165837
-0.000303105
-0.000440372
-0.00057764
-0.000714907
-0.000852175
-0.000989443
-0.00112671
-0.00132502
-0.0015381
-0.00175117
-0.00196425
-0.00217733
-0.00239041
-0.00260349
-0.00281657
-0.00302964
-0.00324272
-0.0034558
-0.00366888
-0.00388196
-0.00409504
-0.00430812
-0.0045212
-0.00473428
-0.00494735
-0.00516043
-0.00537351
-0.00558659
-0.00579967
-0.00601275
-0.00622583
-0.00643891
-0.00665199
-0.00686507
-0.00684951
-0.00683395
-0.00681838
-0.00680282
-0.00678726
-0.0067717
-0.00675614
-0.00674057
-0.00672501
-0.00670945
-0.00669389
-0.00667833
-0.00666276
-0.0066472
-0.00663164
-0.00661608
-0.00660052
-0.00658495
-0.00656939
-0.00655383
-0.00653827
-0.00652271
-0.00650715
-0.00649158
-0.00647602
-0.00646046
-0.0064449
-0.00642934
-0.00641377
-0.00639821
-0.00638265
-0.00636709
-0.00635153
-0.00633596
-0.0063204
-0.00630484
-0.00628928
-0.00627372
-0.00625816
-0.00624259
-0.00622703
-0.00621147
-0.00619591
-0.00618035
-0.00617059
-0.00616405
-0.00615751
-0.00615096
-0.00614442
-0.00613788
-0.00613133
-0.00612479
-0.00611825
-0.0061117
-0.00610516
-0.00609862
-0.00609207
-0.00608553
-0.00607899
-0.00607244
-0.0060659
-0.00605936
-0.00605281
-0.00604627
-0.00603973
-0.00603318
-0.00602664
-0.0060201
-0.00601355
-0.00600701
-0.00600047
-0.00599392
-0.00598738
-0.00598084
-0.00597429
-0.00596775
-0.00596121
-0.00595466
-0.00594812
-0.00594158
-0.00593503
-0.00592849
-0.00592195
-0.0059154
-0.00590886
-0.00590232
-0.00589577
-0.00588923
-0.00588269
-0.00587614
-0.0058696
-0.00586306
-0.00585651
-0.00584997
-0.00584343
-0.00583688
-0.00583034
-0.0058238
-0.00581725
-0.00581071
-0.00580417
-0.00579762
-0.00579108
-0.00578454
-0.00577799
-0.00577145
-0.00576491
-0.00575836
-0.00575182
-0.00574528
-0.00573873
-0.00573219
-0.00572565
-0.0057191
-0.00571256
-0.00570602
-0.00569947
-0.00569293
-0.00568639
-0.00567984
-0.0056733
-0.00566676
-0.00566021
-0.00565536
-0.00565439
-0.00565342
-0.00565245
-0.00565149
-0.00565052
-0.00564955
-0.00564858
-0.00564762
-0.00564665
-0.00564568
-0.00564471
-0.00564374
-0.00564278
-0.00564181
-0.00564084
-0.00563987
-0.00563891
-0.00563794
-0.00563697
-0.005636
-0.00563504
-0.00563407
-0.0056331
-0.00563213
-0.00563116
-0.0056302
-0.00562923
-0.00562826
-0.00562729
-0.00562633
-0.00562536
-0.00562439
-0.00562342
-0.00562246
-0.00562149
-0.00562052
-0.00561955
-0.00561859
-0.00561762
-0.00561665
-0.00561568
-0.00561471
-0.00561375
-0.00561278
-0.00561181
-0.00561084
-0.00560988
-0.00560891
-0.00560794
-0.00560697
-0.00560601
-0.00560504
-0.00560407
-0.0056031
-0.00560213
-0.00560117
-0.0056002
-0.00559923
-0.00559826
-0.0055973
-0.00559633
-0.00559536
-0.00559439
-0.00559343
-0.00559246
-0.00559149
-0.00559052
-0.00558955
-0.00558859
-0.00558762
-0.00558665
-0.00558568
-0.00558472
-0.00558375
-0.00558278
-0.00558181
-0.00558085
-0.00557988
-0.00557891
-0.00557794
-0.00557698
-0.00557601
-0.00557504
-0.00557407
-0.0055731
-0.00557214
-0.00557117
-0.0055702
-0.00556923
-0.00556827
-0.0055673
-0.00556633
-0.00556536
-0.0055644
-0.00556343
-0.00556246
-0.00556149
-0.00556052
-0.00555956
-0.00555859
-0.00555762
-0.00555665
-0.00555432
-0.00553534
-0.00551637
-0.0054974
-0.00547844
-0.00545947
-0.00544051
-0.00542155
-0.00540259
-0.00538363
-0.00536468
-0.00534572
-0.00532677
-0.00530782
-0.00524666
-0.00510959
-0.00497253
-0.00483546
-0.0046984
-0.00456134
-0.00442427
-0.00428721
-0.00415014
-0.00401308
-0.00387602
-0.00373896
-0.00360189
-0.00346483
-0.00332777
-0.0031907
-0.00305364
-0.00291658
-0.00277952
-0.00264245
-0.00250539
-0.00236833
-0.00223127
-0.0020942
-0.00195714
-0.00182008
-0.00168302
-0.00154595
-0.00140889
-0.00127183
-0.00113477
-0.000997708
-0.000860646
-0.000723585
-0.000586523
-0.000449462
-0.000312401
-0.00017534
-3.82784e-05
9.87826e-05
0.000235844
0.000372904
0.000509965
0.000647026
0.000784087
0.000921147
0.00105821
0.00119527
0.00133233
0.00146939
0.00160645
0.00174351
0.00188057
0.00201763
0.00215469
0.00229175
0.00242881
0.00256587
0.00270293
0.00283999
0.00297705
0.00311411
0.00325117
0.00338822
0.00352528
0.00366234
0.0037994
0.00393646
0.00407352
0.00421058
0.00434764
0.0044847
0.00462175
0.00475881
0.00489587
0.00503293
0.00516999
0.00530705
0.0054441
0.00558116
0.00571822
0.00585528
0.00599234
0.00612939
0.00626645
0.00640351
0.00654057
0.00667762
0.00681468
0.00695174
0.0070888
0.00722585
0.00736291
0.00749997
0.00748431
0.00746865
0.00745299
0.00743733
0.00742167
0.00740601
0.00739035
0.00737469
0.00735903
0.00734337
0.00732771
0.00731205
0.00729639
0.00728073
0.00726507
0.00724941
0.00723375
0.00721809
0.00720243
0.00718677
0.00717112
0.00715546
0.0071398
0.00712414
0.00710848
0.00709282
0.00707716
0.0070615
0.00704584
0.00703018
0.00701452
0.00699886
0.0069832
0.00696754
0.00695188
0.00693622
0.00692056
0.0069049
0.00688924
0.00687358
0.00685792
0.00684226
0.0068266
0.00681094
0.0068013
0.00679468
0.00678806
0.00678143
0.00677481
0.00676819
0.00676156
0.00675494
0.00674832
0.0067417
0.00673507
0.00672845
0.00672183
0.0067152
0.00670858
0.00670196
0.00669534
0.00668871
0.00668209
0.00667547
0.00666884
0.00666222
0.0066556
0.00664898
0.00664235
0.00663573
0.00662911
0.00662248
0.00661586
0.00660924
0.00660262
0.00659599
0.00658937
0.00658275
0.00657612
0.0065695
0.00656288
0.00655626
0.00654963
0.00654301
0.00653639
0.00652976
0.00652314
0.00651652
0.0065099
0.00650327
0.00649665
0.00649003
0.0064834
0.00647678
0.00647016
0.00646354
0.00645691
0.00645029
0.00644367
0.00643704
0.00643042
0.0064238
0.00641718
0.00641055
0.00640393
0.00639731
0.00639068
0.00638406
0.00637744
0.00637082
0.00636419
0.00635757
0.00635095
0.00634432
0.0063377
0.00633108
0.00632446
0.00631783
0.00631121
0.00630459
0.00629796
0.00629134
0.00628472
0.00628366
0.00628268
0.0062817
0.00628072
0.00627974
0.00627876
0.00627778
0.0062768
0.00627582
0.00627484
0.00627386
0.00627288
0.0062719
0.00627091
0.00626993
0.00626895
0.00626797
0.00626699
0.00626601
0.00626503
0.00626405
0.00626307
0.00626209
0.00626111
0.00626013
0.00625915
0.00625817
0.00625718
0.0062562
0.00625522
0.00625424
0.00625326
0.00625228
0.0062513
0.00625032
0.00624934
0.00624836
0.00624738
0.0062464
0.00624542
0.00624444
0.00624346
0.00624247
0.00624149
0.00624051
0.00623953
0.00623855
0.00623757
0.00623659
0.00623561
0.00623463
0.00623365
0.00623267
0.00623169
0.00623071
0.00622973
0.00622874
0.00622776
0.00622678
0.0062258
0.00622482
0.00622384
0.00622286
0.00622188
0.0062209
0.00621992
0.00621894
0.00621796
0.00621698
0.006216
0.00621502
0.00621403
0.00621305
0.00621207
0.00621109
0.00621011
0.00620913
0.00620815
0.00620717
0.00620619
0.00620521
0.00620423
0.00620325
0.00620227
0.00620129
0.00620031
0.00619932
0.00619834
0.00619736
0.00619638
0.0061954
0.00619442
0.00619344
0.00619246
0.00619148
0.0061905
0.00618952
0.00617531
0.00615607
0.00613685
0.00611762
0.00609839
0.00607916
0.00605992
0.00604069
0.00602145
0.00600221
0.00598297
0.00596373
0.00594448
0.00591191
0.00577361
0.00563532
0.00549703
0.00535873
0.00522044
0.00508215
0.00494385
0.00480556
0.00466727
0.00452897
0.00439068
0.00425238
0.00411409
0.0039758
0.0038375
0.00369921
0.00356091
0.00342262
0.00328432
0.00314603
0.00300774
0.00286944
0.00273115
0.00259285
0.00245456
0.00231626
0.00217797
0.00203967
0.00190137
0.00176308
0.00162478
0.00148649
0.00134819
0.0012099
0.0010716
0.000933306
0.00079501
0.000656714
0.000518418
0.000380122
0.000241825
0.000103529
-3.47673e-05
-0.000173064
-0.00031136
-0.000449657
-0.000587954
-0.00072625
-0.000864547
-0.00100284
-0.00114114
-0.00127944
-0.00141774
-0.00155603
-0.00169433
-0.00183263
-0.00197092
-0.00210922
-0.00224752
-0.00238582
-0.00252412
-0.00266241
-0.00280071
-0.00293901
-0.00307731
-0.00321561
-0.0033539
-0.0034922
-0.0036305
-0.0037688
-0.0039071
-0.0040454
-0.00418369
-0.00432199
-0.00446029
-0.00459859
-0.00473689
-0.00487519
-0.00501349
-0.00515179
-0.00529009
-0.00542839
-0.00556669
-0.00570499
-0.00584328
-0.00598158
-0.00611988
-0.00625818
-0.00639648
-0.00653478
-0.00667308
-0.00681138
-0.00694968
-0.00708798
-0.00722629
-0.00736459
-0.00750289
-0.00764119
-0.00777949
-0.00791779
-0.00790202
-0.00788625
-0.00787049
-0.00785472
-0.00783895
-0.00782319
-0.00780742
-0.00779165
-0.00777588
-0.00776012
-0.00774435
-0.00772858
-0.00771282
-0.00769705
-0.00768128
-0.00766551
-0.00764975
-0.00763398
-0.00761821
-0.00760245
-0.00758668
-0.00757091
-0.00755514
-0.00753938
-0.00752361
-0.00750784
-0.00749208
-0.00747631
-0.00746054
-0.00744477
-0.00742901
-0.00741324
-0.00739747
-0.00738171
-0.00736594
-0.00735017
-0.0073344
-0.00731864
-0.00730287
-0.0072871
-0.00727134
-0.00725557
-0.0072398
-0.00722404
-0.00721548
-0.00720879
-0.0072021
-0.00719542
-0.00718873
-0.00718204
-0.00717536
-0.00716867
-0.00716198
-0.0071553
-0.00714861
-0.00714192
-0.00713524
-0.00712855
-0.00712186
-0.00711517
-0.00710849
-0.0071018
-0.00709511
-0.00708843
-0.00708174
-0.00707505
-0.00706837
-0.00706168
-0.00705499
-0.00704831
-0.00704162
-0.00703493
-0.00702825
-0.00702156
-0.00701487
-0.00700819
-0.0070015
-0.00699481
-0.00698813
-0.00698144
-0.00697475
-0.00696807
-0.00696138
-0.00695469
-0.00694801
-0.00694132
-0.00693463
-0.00692795
-0.00692126
-0.00691457
-0.00690789
-0.0069012
-0.00689451
-0.00688783
-0.00688114
-0.00687445
-0.00686777
-0.00686108
-0.00685439
-0.00684771
-0.00684102
-0.00683433
-0.00682765
-0.00682096
-0.00681427
-0.00680758
-0.0068009
-0.00679421
-0.00678752
-0.00678084
-0.00677415
-0.00676746
-0.00676078
-0.00675409
-0.0067474
-0.00674072
-0.00673403
-0.00672734
-0.00672066
-0.00671397
-0.00670728
-0.0067006
-0.0066944
-0.00669341
-0.00669241
-0.00669142
-0.00669043
-0.00668944
-0.00668845
-0.00668745
-0.00668646
-0.00668547
-0.00668448
-0.00668349
-0.0066825
-0.0066815
-0.00668051
-0.00667952
-0.00667853
-0.00667754
-0.00667654
-0.00667555
-0.00667456
-0.00667357
-0.00667258
-0.00667159
-0.00667059
-0.0066696
-0.00666861
-0.00666762
-0.00666663
-0.00666563
-0.00666464
-0.00666365
-0.00666266
-0.00666167
-0.00666068
-0.00665968
-0.00665869
-0.0066577
-0.00665671
-0.00665572
-0.00665473
-0.00665373
-0.00665274
-0.00665175
-0.00665076
