0
-8.20343e-06
-1.64069e-05
-2.46103e-05
-3.28138e-05
-4.10172e-05
-4.92207e-05
-5.74242e-05
-6.56276e-05
-7.38311e-05
-8.20346e-05
-7.38311e-05
-6.56276e-05
-5.74242e-05
-4.92207e-05
-4.10172e-05
-3.28138e-05
-2.46103e-05
-1.64069e-05
-8.20343e-06
-1.02215e-21
8.20342e-06
1.64068e-05
2.46103e-05
3.28137e-05
4.10171e-05
4.92204e-05
5.74238e-05
6.56272e-05
7.38306e-05
8.20339e-05
7.38306e-05
6.56272e-05
5.74238e-05
4.92204e-05
4.10171e-05
3.28137e-05
2.46103e-05
1.64068e-05
8.20342e-06
9.24549e-21
-8.20343e-06
-1.64069e-05
-2.46103e-05
-3.28138e-05
-4.10172e-05
-4.92207e-05
-5.74242e-05
-6.56276e-05
-7.38311e-05
-8.20346e-05
-7.38311e-05
-6.56276e-05
-5.74242e-05
-4.92207e-05
-4.10172e-05
-3.28138e-05
-2.46103e-05
-1.64069e-05
-8.20343e-06
1.44592e-20
8.20342e-06
1.64068e-05
2.46103e-05
3.28137e-05
4.10171e-05
4.92204e-05
5.74238e-05
6.56272e-05
7.38306e-05
8.20339e-05
7.38306e-05
6.56272e-05
5.74238e-05
4.92204e-05
4.10171e-05
3.28137e-05
2.46103e-05
1.64068e-05
8.20342e-06
7.57991e-21
-8.20343e-06
-1.64069e-05
-2.46103e-05
-3.28138e-05
-4.10172e-05
-4.92207e-05
-5.74242e-05
-6.56276e-05
-7.38311e-05
-8.20346e-05
-7.38311e-05
-6.56276e-05
-5.74242e-05
-4.92207e-05
-4.10172e-05
-3.28138e-05
-2.46103e-05
-1.64069e-05
-8.20343e-06
1.29333e-20
8.20342e-06
1.64068e-05
2.46103e-05
3.28137e-05
4.10171e-05
4.92204e-05
5.74238e-05
6.56272e-05
7.38306e-05
8.20339e-05
7.38306e-05
6.56272e-05
5.74238e-05
4.92204e-05
4.10171e-05
3.28137e-05
2.46103e-05
1.64068e-05
8.20342e-06
1.71598e-20
-8.20343e-06
-1.64069e-05
-2.46103e-05
-3.28138e-05
-4.10172e-05
-4.92207e-05
-5.74242e-05
-6.56276e-05
-7.38311e-05
-8.20346e-05
-7.38311e-05
-6.56276e-05
-5.74242e-05
-4.92207e-05
-4.10172e-05
-3.28138e-05
-2.46103e-05
-1.64069e-05
-8.20343e-06
1.86758e-20
8.20342e-06
1.64068e-05
2.46103e-05
3.28137e-05
4.10171e-05
4.92204e-05
5.74238e-05
6.56272e-05
7.38306e-05
8.20339e-05
7.38306e-05
6.56272e-05
5.74238e-05
4.92204e-05
4.10171e-05
3.28137e-05
2.46103e-05
1.64068e-05
8.20342e-06
9.25356e-21
-8.20343e-06
-1.64069e-05
-2.46103e-05
-3.28138e-05
-4.10172e-05
-4.92207e-05
-5.74242e-05
-6.56276e-05
-7.38311e-05
-8.20346e-05
-7.38311e-05
-6.56276e-05
-5.74242e-05
-4.92207e-05
-4.10172e-05
-3.28138e-05
-2.46103e-05
-1.64069e-05
-8.20343e-06
7.75361e-21
8.20342e-06
1.64068e-05
2.46103e-05
3.28137e-05
4.10171e-05
4.92204e-05
5.74238e-05
6.56272e-05
7.38306e-05
8.20339e-05
7.38306e-05
6.56272e-05
5.74238e-05
4.92204e-05
4.10171e-05
3.28137e-05
2.46103e-05
1.64068e-05
8.20342e-06
9.49073e-21
-8.20343e-06
-1.64069e-05
-2.46103e-05
-3.28138e-05
-4.10172e-05
-4.92207e-05
-5.74242e-05
-6.56276e-05
-7.38311e-05
-8.20346e-05
-7.38311e-05
-6.56276e-05
-5.74242e-05
-4.92207e-05
-4.10172e-05
-3.28138e-05
-2.46103e-05
-1.64069e-05
-8.20343e-06
1.03255e-20
8.20342e-06
1.64068e-05
2.46103e-05
3.28137e-05
4.10171e-05
4.92204e-05
5.74238e-05
6.56272e-05
7.38306e-05
8.20339e-05
7.38306e-05
6.56272e-05
5.74238e-05
4.92204e-05
4.10171e-05
3.28137e-05
2.46103e-05
1.64068e-05
8.20342e-06
1.88417e-20
-8.41378e-06
-1.68276e-05
-2.52413e-05
-3.36551e-05
-4.2069e-05
-5.04828e-05
-5.88966e-05
-6.73104e-05
-7.57242e-05
-8.41381e-05
-9.25519e-05
-0.000100966
-0.00010938
-0.000100966
-9.25519e-05
-8.41381e-05
-7.57242e-05
-6.73104e-05
-5.88966e-05
-5.04828e-05
-4.2069e-05
-3.36551e-05
-2.52413e-05
-1.68276e-05
-8.41378e-06
2.3257e-20
8.41377e-06
1.68275e-05
2.52413e-05
3.3655e-05
4.20688e-05
5.04825e-05
5.88962e-05
6.73099e-05
7.57236e-05
8.41374e-05
9.2551e-05
0.000100965
0.000109378
0.000100965
9.2551e-05
8.41374e-05
7.57237e-05
6.73099e-05
5.88962e-05
5.04825e-05
4.20688e-05
3.3655e-05
2.52413e-05
1.68275e-05
8.41377e-06
2.04639e-20
-8.41378e-06
-1.68276e-05
-2.52413e-05
-3.36551e-05
-4.2069e-05
-5.04828e-05
-5.88966e-05
-6.73104e-05
-7.57242e-05
-8.41381e-05
-9.25519e-05
-0.000100966
-0.00010938
-0.000100966
-9.25519e-05
-8.41381e-05
-7.57242e-05
-6.73104e-05
-5.88966e-05
-5.04828e-05
-4.2069e-05
-3.36551e-05
-2.52413e-05
-1.68276e-05
-8.41378e-06
1.48134e-20
8.41377e-06
1.68275e-05
2.52413e-05
3.3655e-05
4.20688e-05
5.04825e-05
5.88962e-05
6.73099e-05
7.57236e-05
8.41374e-05
9.2551e-05
0.000100965
0.000109378
0.000100965
9.2551e-05
8.41374e-05
7.57237e-05
6.73099e-05
5.88962e-05
5.04825e-05
4.20688e-05
3.3655e-05
2.52413e-05
1.68275e-05
8.41377e-06
1.39545e-20
-8.41378e-06
-1.68276e-05
-2.52413e-05
-3.36551e-05
-4.2069e-05
-5.04828e-05
-5.88966e-05
-6.73104e-05
-7.57242e-05
-8.41381e-05
-9.25519e-05
-0.000100966
-0.00010938
-0.000100966
-9.25519e-05
-8.41381e-05
-7.57242e-05
-6.73104e-05
-5.88966e-05
-5.04828e-05
-4.2069e-05
-3.36551e-05
-2.52413e-05
-1.68276e-05
-8.41378e-06
1.82691e-20
8.41377e-06
1.68275e-05
2.52413e-05
3.3655e-05
4.20688e-05
5.04825e-05
5.88962e-05
6.73099e-05
7.57236e-05
8.41374e-05
9.2551e-05
0.000100965
0.000109378
0.000100965
9.2551e-05
8.41374e-05
7.57237e-05
6.73099e-05
5.88962e-05
5.04825e-05
4.20688e-05
3.3655e-05
2.52413e-05
1.68275e-05
8.41377e-06
2.4081e-20
-8.41378e-06
-1.68276e-05
-2.52413e-05
-3.36551e-05
-4.2069e-05
-5.04828e-05
-5.88966e-05
-6.73104e-05
-7.57242e-05
-8.41381e-05
-9.25519e-05
-0.000100966
-0.00010938
-0.000100966
-9.25519e-05
-8.41381e-05
-7.57242e-05
-6.73104e-05
-5.88966e-05
-5.04828e-05
-4.2069e-05
-3.36551e-05
-2.52413e-05
-1.68276e-05
-8.41378e-06
2.29201e-20
8.41377e-06
1.68275e-05
2.52413e-05
3.3655e-05
4.20688e-05
5.04825e-05
5.88962e-05
6.73099e-05
7.57236e-05
8.41374e-05
9.2551e-05
0.000100965
0.000109378
0.000100965
9.2551e-05
8.41374e-05
7.57237e-05
6.73099e-05
5.88962e-05
5.04825e-05
4.20688e-05
3.3655e-05
2.52413e-05
1.68275e-05
8.41377e-06
1.3449e-20
-8.41378e-06
-1.68276e-05
-2.52413e-05
-3.36551e-05
-4.2069e-05
-5.04828e-05
-5.88966e-05
-6.73104e-05
-7.57242e-05
-8.41381e-05
-9.25519e-05
-0.000100966
-0.00010938
-0.000100966
-9.25519e-05
-8.41381e-05
-7.57242e-05
-6.73104e-05
-5.88966e-05
-5.04828e-05
-4.2069e-05
-3.36551e-05
-2.52413e-05
-1.68276e-05
-8.41378e-06
1.59721e-20
8.41377e-06
1.68275e-05
2.52413e-05
3.3655e-05
4.20688e-05
5.04825e-05
5.88962e-05
6.73099e-05
7.57236e-05
8.41374e-05
9.2551e-05
0.000100965
0.000109378
0.000100965
9.2551e-05
8.41374e-05
7.57237e-05
6.73099e-05
5.88962e-05
5.04825e-05
4.20688e-05
3.3655e-05
2.52413e-05
1.68275e-05
8.41377e-06
1.35023e-20
-8.41378e-06
-1.68276e-05
-2.52413e-05
-3.36551e-05
-4.2069e-05
-5.04828e-05
-5.88966e-05
-6.73104e-05
-7.57242e-05
-8.41381e-05
-9.25519e-05
-0.000100966
-0.00010938
-0.000100966
-9.25519e-05
-8.41381e-05
-7.57242e-05
-6.73104e-05
-5.88966e-05
-5.04828e-05
-4.2069e-05
-3.36551e-05
-2.52413e-05
-1.68276e-05
-8.41378e-06
1.70673e-20
8.41377e-06
1.68275e-05
2.52413e-05
3.3655e-05
4.20688e-05
5.04825e-05
5.88962e-05
6.73099e-05
7.57236e-05
8.41374e-05
9.2551e-05
0.000100965
0.000109378
0.000100965
9.2551e-05
8.41374e-05
7.57237e-05
6.73099e-05
5.88962e-05
5.04825e-05
4.20688e-05
3.3655e-05
2.52413e-05
1.68275e-05
8.41377e-06
1.93744e-20
-8.20343e-06
-1.64069e-05
-2.46103e-05
-3.28138e-05
-4.10172e-05
-4.92207e-05
-5.74242e-05
-6.56276e-05
-7.38311e-05
-8.20346e-05
-9.02381e-05
-9.84416e-05
-0.000106645
-0.000114849
-0.000123052
-0.000131256
-0.000139459
-0.000147663
-0.000155866
-0.00016407
-0.000155866
-0.000147663
-0.000139459
-0.000131256
-0.000123052
-0.000114849
-0.000106645
-9.84416e-05
-9.02381e-05
-8.20346e-05
-7.38311e-05
-6.56276e-05
-5.74242e-05
-4.92207e-05
-4.10172e-05
-3.28138e-05
-2.46103e-05
-1.64069e-05
-8.20343e-06
3.78997e-20
8.20342e-06
1.64068e-05
2.46103e-05
3.28137e-05
4.10171e-05
4.92204e-05
5.74238e-05
6.56272e-05
7.38306e-05
8.20339e-05
9.02373e-05
9.84406e-05
0.000106644
0.000114847
0.000123051
0.000131254
0.000139457
0.000147661
0.000155864
0.000164067
0.000155864
0.000147661
0.000139457
0.000131254
0.000123051
0.000114847
0.000106644
9.84406e-05
9.02373e-05
8.20339e-05
7.38306e-05
6.56272e-05
5.74238e-05
4.92204e-05
4.10171e-05
3.28137e-05
2.46103e-05
1.64068e-05
8.20342e-06
3.37206e-20
-8.20343e-06
-1.64069e-05
-2.46103e-05
-3.28138e-05
-4.10172e-05
-4.92207e-05
-5.74242e-05
-6.56276e-05
-7.38311e-05
-8.20346e-05
-9.02381e-05
-9.84416e-05
-0.000106645
-0.000114849
-0.000123052
-0.000131256
-0.000139459
-0.000147663
-0.000155866
-0.00016407
-0.000155866
-0.000147663
-0.000139459
-0.000131256
-0.000123052
-0.000114849
-0.000106645
-9.84416e-05
-9.02381e-05
-8.20346e-05
-7.38311e-05
-6.56276e-05
-5.74242e-05
-4.92207e-05
-4.10172e-05
-3.28138e-05
-2.46103e-05
-1.64069e-05
-8.20343e-06
3.23421e-20
8.20342e-06
1.64068e-05
2.46103e-05
3.28137e-05
4.10171e-05
4.92204e-05
5.74238e-05
6.56272e-05
7.38306e-05
8.20339e-05
9.02373e-05
9.84406e-05
0.000106644
0.000114847
0.000123051
0.000131254
0.000139457
0.000147661
0.000155864
0.000164067
0.000155864
0.000147661
0.000139457
0.000131254
0.000123051
0.000114847
0.000106644
9.84406e-05
9.02373e-05
8.20339e-05
7.38306e-05
6.56272e-05
5.74238e-05
4.92204e-05
4.10171e-05
3.28137e-05
2.46103e-05
1.64068e-05
8.20342e-06
-1.81796e-21
-8.20343e-06
-1.64069e-05
-2.46103e-05
-3.28138e-05
-4.10172e-05
-4.92207e-05
-5.74242e-05
-6.56276e-05
-7.38311e-05
-8.20346e-05
-9.02381e-05
-9.84416e-05
-0.000106645
-0.000114849
-0.000123052
-0.000131256
-0.000139459
-0.000147663
-0.000155866
-0.00016407
-0.000155866
-0.000147663
-0.000139459
-0.000131256
-0.000123052
-0.000114849
-0.000106645
-9.84416e-05
-9.02381e-05
-8.20346e-05
-7.38311e-05
-6.56276e-05
-5.74242e-05
-4.92207e-05
-4.10172e-05
-3.28138e-05
-2.46103e-05
-1.64069e-05
-8.20343e-06
-1.2733e-20
8.20342e-06
1.64068e-05
2.46103e-05
3.28137e-05
4.10171e-05
4.92204e-05
5.74238e-05
6.56272e-05
7.38306e-05
8.20339e-05
9.02373e-05
9.84406e-05
0.000106644
0.000114847
0.000123051
0.000131254
0.000139457
0.000147661
0.000155864
0.000164067
0.000155864
0.000147661
0.000139457
0.000131254
0.000123051
0.000114847
0.000106644
9.84406e-05
9.02373e-05
8.20339e-05
7.38306e-05
6.56272e-05
5.74238e-05
4.92204e-05
4.10171e-05
3.28137e-05
2.46103e-05
1.64068e-05
8.20342e-06
-1.5284e-20
-8.20343e-06
-1.64069e-05
-2.46103e-05
-3.28138e-05
-4.10172e-05
-4.92207e-05
-5.74242e-05
-6.56276e-05
-7.38311e-05
-8.20346e-05
-9.02381e-05
-9.84416e-05
-0.000106645
-0.000114849
-0.000123052
-0.000131256
-0.000139459
-0.000147663
-0.000155866
-0.00016407
-0.000155866
-0.000147663
-0.000139459
-0.000131256
-0.000123052
-0.000114849
-0.000106645
-9.84416e-05
-9.02381e-05
-8.20346e-05
-7.38311e-05
-6.56276e-05
-5.74242e-05
-4.92207e-05
-4.10172e-05
-3.28138e-05
-2.46103e-05
-1.64069e-05
-8.20343e-06
1.0248e-20
8.20342e-06
1.64068e-05
2.46103e-05
3.28137e-05
4.10171e-05
4.92204e-05
5.74238e-05
6.56272e-05
7.38306e-05
8.20339e-05
9.02373e-05
9.84406e-05
0.000106644
0.000114847
0.000123051
0.000131254
0.000139457
0.000147661
0.000155864
0.000164067
0.000155864
0.000147661
0.000139457
0.000131254
0.000123051
0.000114847
0.000106644
9.84406e-05
9.02373e-05
8.20339e-05
7.38306e-05
6.56272e-05
5.74238e-05
4.92204e-05
4.10171e-05
3.28137e-05
2.46103e-05
1.64068e-05
8.20342e-06
2.07956e-20
-8.20343e-06
-1.64069e-05
-2.46103e-05
-3.28138e-05
-4.10172e-05
-4.92207e-05
-5.74242e-05
-6.56276e-05
-7.38311e-05
-8.20346e-05
-9.02381e-05
-9.84416e-05
-0.000106645
-0.000114849
-0.000123052
-0.000131256
-0.000139459
-0.000147663
-0.000155866
-0.00016407
-0.000155866
-0.000147663
-0.000139459
-0.000131256
-0.000123052
-0.000114849
-0.000106645
-9.84416e-05
-9.02381e-05
-8.20346e-05
-7.38311e-05
-6.56276e-05
-5.74242e-05
-4.92207e-05
-4.10172e-05
-3.28138e-05
-2.46103e-05
-1.64069e-05
-8.20343e-06
9.91696e-21
8.20342e-06
1.64068e-05
2.46103e-05
3.28137e-05
4.10171e-05
4.92204e-05
5.74238e-05
6.56272e-05
7.38306e-05
8.20339e-05
9.02373e-05
9.84406e-05
0.000106644
0.000114847
0.000123051
0.000131254
0.000139457
0.000147661
0.000155864
0.000164067
0.000155864
0.000147661
0.000139457
0.000131254
0.000123051
0.000114847
0.000106644
9.84406e-05
9.02373e-05
8.20339e-05
7.38306e-05
6.56272e-05
5.74238e-05
4.92204e-05
4.10171e-05
3.28137e-05
2.46103e-05
1.64068e-05
8.20342e-06
-3.17195e-21
-8.20343e-06
-1.64069e-05
-2.46103e-05
-3.28138e-05
-4.10172e-05
-4.92207e-05
-5.74242e-05
-6.56276e-05
-7.38311e-05
-8.20346e-05
-9.02381e-05
-9.84416e-05
-0.000106645
-0.000114849
-0.000123052
-0.000131256
-0.000139459
-0.000147663
-0.000155866
-0.00016407
-0.000155866
-0.000147663
-0.000139459
-0.000131256
-0.000123052
-0.000114849
-0.000106645
-9.84416e-05
-9.02381e-05
-8.20346e-05
-7.38311e-05
-6.56276e-05
-5.74242e-05
-4.92207e-05
-4.10172e-05
-3.28138e-05
-2.46103e-05
-1.64069e-05
-8.20343e-06
6.46893e-21
8.20342e-06
1.64068e-05
2.46103e-05
3.28137e-05
4.10171e-05
4.92204e-05
5.74238e-05
6.56272e-05
7.38306e-05
8.20339e-05
9.02373e-05
9.84406e-05
0.000106644
0.000114847
0.000123051
0.000131254
0.000139457
0.000147661
0.000155864
0.000164067
0.000155864
0.000147661
0.000139457
0.000131254
0.000123051
0.000114847
0.000106644
9.84406e-05
9.02373e-05
8.20339e-05
7.38306e-05
6.56272e-05
5.74238e-05
4.92204e-05
4.10171e-05
3.28137e-05
2.46103e-05
1.64068e-05
8.20342e-06
-2.44584e-22
-8.10215e-06
-1.62043e-05
-2.43065e-05
-3.24087e-05
-4.05108e-05
-4.8613e-05
-5.67152e-05
-6.48174e-05
-7.29196e-05
-8.10219e-05
-8.91241e-05
-9.72263e-05
-0.000105329
-0.000113431
-0.000121533
-0.000129635
-0.000137738
-0.00014584
-0.000153942
-0.000162044
-0.000170102
-0.000172696
-0.000175291
-0.000177886
-0.000180481
-0.000183075
-0.00018567
-0.000177568
-0.000169466
-0.000161363
-0.000153261
-0.000145159
-0.000137056
-0.000128954
-0.000120852
-0.00011275
-0.000104647
-9.6545e-05
-8.84428e-05
-8.03406e-05
-7.22383e-05
-6.41361e-05
-5.60339e-05
-4.79317e-05
-3.98295e-05
-3.17273e-05
-2.36251e-05
-1.55229e-05
-7.42074e-06
6.81423e-07
8.78358e-06
1.68857e-05
2.49879e-05
3.309e-05
4.11922e-05
4.92943e-05
5.73964e-05
6.54985e-05
7.36006e-05
8.17027e-05
8.98048e-05
9.79069e-05
0.000106009
0.000114111
0.000122213
0.000130315
0.000138417
0.000144953
0.000148546
0.00015214
0.000155733
0.000159326
0.00016292
0.000166513
0.000170099
0.000172693
0.000175288
0.000177882
0.000180477
0.000183071
0.000185666
0.000177564
0.000169462
0.00016136
0.000153258
0.000145156
0.000137054
0.000128952
0.00012085
0.000112748
0.000104646
9.65435e-05
8.84415e-05
8.03394e-05
7.22373e-05
6.41353e-05
5.60332e-05
4.79311e-05
3.9829e-05
3.17269e-05
2.36248e-05
1.55226e-05
7.42052e-06
-6.81619e-07
-8.78376e-06
-1.68859e-05
-2.49881e-05
-3.30902e-05
-4.11924e-05
-4.92946e-05
-5.73967e-05
-6.54989e-05
-7.36011e-05
-8.17033e-05
-8.98055e-05
-9.79078e-05
-0.00010601
-0.000114112
-0.000122214
-0.000130317
-0.000138419
-0.000146521
-0.000150189
-0.000153146
-0.000156103
-0.000159059
-0.000162016
-0.000164973
-0.00016793
-0.000170886
-0.000173843
-0.0001768
-0.000179757
-0.000182713
-0.00018567
-0.000177568
-0.000169466
-0.000161363
-0.000153261
-0.000145159
-0.000137056
-0.000128954
-0.000120852
-0.00011275
-0.000104647
-9.6545e-05
-8.84428e-05
-8.03406e-05
-7.22383e-05
-6.41361e-05
-5.60339e-05
-4.79317e-05
-3.98295e-05
-3.17273e-05
-2.36251e-05
-1.55229e-05
-7.42074e-06
6.81423e-07
8.78358e-06
1.68857e-05
2.49879e-05
3.309e-05
4.11922e-05
4.92943e-05
5.73964e-05
6.54985e-05
7.36006e-05
8.17027e-05
8.98048e-05
9.79069e-05
0.000106009
0.000114111
0.000122213
0.000130315
0.000138417
0.000146519
0.000150187
0.000153144
0.0001561
0.000159057
0.000162013
0.00016497
0.000167926
0.000170883
0.00017384
0.000176796
0.000179753
0.000182709
0.000185666
0.000177564
0.000169462
0.00016136
0.000153258
0.000145156
0.000137054
0.000128952
0.00012085
0.000112748
0.000104646
9.65435e-05
8.84415e-05
8.03394e-05
7.22373e-05
6.41353e-05
5.60332e-05
4.79311e-05
3.9829e-05
3.17269e-05
2.36248e-05
1.55226e-05
7.42052e-06
-6.81619e-07
-8.78376e-06
-1.68859e-05
-2.49881e-05
-3.30902e-05
-4.11924e-05
-4.92946e-05
-5.73967e-05
-6.54989e-05
-7.36011e-05
-8.17033e-05
-8.98055e-05
-9.79078e-05
-0.00010601
-0.000114112
-0.000122214
-0.000130317
-0.000138419
-0.000146521
-0.000150189
-0.000153146
-0.000156103
-0.000159059
-0.000162016
-0.000164973
-0.00016793
-0.000170886
-0.000173843
-0.0001768
-0.000179757
-0.000182713
-0.00018567
-0.000177568
-0.000169466
-0.000161363
-0.000153261
-0.000145159
-0.000137056
-0.000128954
-0.000120852
-0.00011275
-0.000104647
-9.6545e-05
-8.84428e-05
-8.03406e-05
-7.22383e-05
-6.41361e-05
-5.60339e-05
-4.79317e-05
-3.98295e-05
-3.17273e-05
-2.36251e-05
-1.55229e-05
-7.42074e-06
6.81423e-07
8.78358e-06
1.68857e-05
2.49879e-05
3.309e-05
4.11922e-05
4.92943e-05
5.73964e-05
6.54985e-05
7.36006e-05
8.17027e-05
8.98048e-05
9.79069e-05
0.000106009
0.000114111
0.000122213
0.000130315
0.000138417
0.000146519
0.000150187
0.000153144
0.0001561
0.000159057
0.000162013
0.00016497
0.000167926
0.000170883
0.00017384
0.000176796
0.000179753
0.000182709
0.000185666
0.000177564
0.000169462
0.00016136
0.000153258
0.000145156
0.000137054
0.000128952
0.00012085
0.000112748
0.000104646
9.65435e-05
8.84415e-05
8.03394e-05
7.22373e-05
6.41353e-05
5.60332e-05
4.79311e-05
3.9829e-05
3.17269e-05
2.36248e-05
1.55226e-05
7.42052e-06
-6.81619e-07
-8.78376e-06
-1.68859e-05
-2.49881e-05
-3.30902e-05
-4.11924e-05
-4.92946e-05
-5.73967e-05
-6.54989e-05
-7.36011e-05
-8.17033e-05
-8.98055e-05
-9.79078e-05
-0.00010601
-0.000114112
-0.000122214
-0.000130317
-0.000138419
-0.000146521
-0.000150189
-0.000153146
-0.000156103
-0.000159059
-0.000162016
-0.000164973
-0.00016793
-0.000170886
-0.000173843
-0.0001768
-0.000179757
-0.000182713
-0.00018567
-0.000177568
-0.000169466
-0.000161363
-0.000153261
-0.000145159
-0.000137056
-0.000128954
-0.000120852
-0.00011275
-0.000104647
-9.6545e-05
-8.84428e-05
-8.03406e-05
-7.22383e-05
-6.41361e-05
-5.60339e-05
-4.79317e-05
-3.98295e-05
-3.17273e-05
-2.36251e-05
-1.55229e-05
-7.42074e-06
6.81423e-07
8.78358e-06
1.68857e-05
2.49879e-05
3.309e-05
4.11922e-05
4.92943e-05
5.73964e-05
6.54985e-05
7.36006e-05
8.17027e-05
8.98048e-05
9.79069e-05
0.000106009
0.000114111
0.000122213
0.000130315
0.000138417
0.000146519
0.000150187
0.000153144
0.0001561
0.000159057
0.000162013
0.00016497
0.000167926
0.000170883
0.00017384
0.000176796
0.000179753
0.000182709
0.000185666
0.000177564
0.000169462
0.00016136
0.000153258
0.000145156
0.000137054
0.000128952
0.00012085
0.000112748
0.000104646
9.65435e-05
8.84415e-05
8.03394e-05
7.22373e-05
6.41353e-05
5.60332e-05
4.79311e-05
3.9829e-05
3.17269e-05
2.36248e-05
1.55226e-05
7.42052e-06
-6.81619e-07
-8.78376e-06
-1.68859e-05
-2.49881e-05
-3.30902e-05
-4.10936e-05
-4.9097e-05
-5.71003e-05
-6.51037e-05
-7.31071e-05
-8.11105e-05
-8.91139e-05
-9.71173e-05
-0.000105121
-0.000113124
-0.000121128
-0.000129131
-0.000137134
-0.000145138
-0.000149648
-0.000152569
-0.00015549
-0.00015841
-0.000161331
-0.000164252
-0.000167172
-0.000170093
-0.000173014
-0.000175934
-0.000178855
-0.000181776
-0.000184697
-0.000187379
-0.000189942
-0.000192505
-0.000195068
-0.000197631
-0.000200195
-0.000202758
-0.000205321
-0.000207884
-0.000210447
-0.00021301
-0.000215573
-0.000218137
-0.0002207
-0.000212696
-0.000204693
-0.000196689
-0.000188685
-0.000180682
-0.000172678
-0.000164675
-0.000156671
-0.000148668
-0.000140664
-0.000132661
-0.000124657
-0.000116654
-0.00010865
-0.000100647
-9.26434e-05
-8.46399e-05
-7.66365e-05
-6.8633e-05
-6.06296e-05
-5.26261e-05
-4.46227e-05
-3.66193e-05
-2.86159e-05
-2.06124e-05
-1.2609e-05
-4.60564e-06
3.30315e-06
1.10837e-05
1.88642e-05
2.66448e-05
3.44253e-05
4.22058e-05
4.99864e-05
5.77669e-05
6.55474e-05
7.33279e-05
8.11084e-05
8.88889e-05
9.66693e-05
0.00010445
0.00011223
0.000120011
0.000127791
0.000135572
0.000140321
0.000142352
0.000144382
0.000146412
0.000148443
0.000150473
0.000152503
0.000154534
0.000156564
0.000158594
0.000160625
0.000162655
0.000164686
0.000166716
0.000168746
0.000170777
0.000172807
0.000174837
0.000176868
0.000178898
0.000180928
0.000182959
0.000184989
0.000187374
0.000189937
0.0001925
0.000195063
0.000197626
0.000200189
0.000202752
0.000205314
0.000207877
0.00021044
0.000213003
0.000215566
0.000218129
0.000220691
0.000212688
0.000204685
0.000196682
0.000188679
0.000180676
0.000172673
0.00016467
0.000156666
0.000148663
0.00014066
0.000132657
0.000124654
0.00011665
0.000108647
0.000100644
9.26408e-05
8.46376e-05
7.66344e-05
6.86311e-05
6.06279e-05
5.26246e-05
4.46214e-05
3.66181e-05
2.86148e-05
2.06115e-05
1.26083e-05
4.60497e-06
-3.08687e-06
-1.03567e-05
-1.76265e-05
-2.48963e-05
-3.21662e-05
-3.9436e-05
-4.67058e-05
-5.39757e-05
-6.12456e-05
-6.85154e-05
-7.57853e-05
-8.30552e-05
-9.0325e-05
-9.75949e-05
-0.000104865
-0.000112135
-0.000119405
-0.000126675
-0.000133944
-0.000141214
-0.000148484
-0.000155754
-0.000163024
-0.000166666
-0.000168409
-0.000170152
-0.000171895
-0.000173638
-0.000175381
-0.000177124
-0.000178867
-0.00018061
-0.000182353
-0.000184096
-0.000185839
-0.000187582
-0.000189325
-0.000191068
-0.000192811
-0.000194554
-0.000196297
-0.00019804
-0.000199783
-0.000201526
-0.000203269
-0.000205012
-0.000206755
-0.000208498
-0.000210241
-0.000211985
-0.000213728
-0.000215471
-0.000217214
-0.000218957
-0.0002207
-0.000212696
-0.000204693
-0.000196689
-0.000188685
-0.000180682
-0.000172678
-0.000164675
-0.000156671
-0.000148668
-0.000140664
-0.000132661
-0.000124657
-0.000116654
-0.00010865
-0.000100647
-9.26434e-05
-8.46399e-05
-7.66365e-05
-6.8633e-05
-6.06296e-05
-5.26261e-05
-4.46227e-05
-3.66193e-05
-2.86159e-05
-2.06124e-05
-1.2609e-05
-4.60564e-06
3.08635e-06
1.03562e-05
1.76261e-05
2.4896e-05
3.21659e-05
3.94357e-05
4.67056e-05
5.39755e-05
6.12453e-05
6.85152e-05
7.5785e-05
8.30548e-05
9.03246e-05
9.75945e-05
0.000104864
0.000112134
0.000119404
0.000126674
0.000133943
0.000141213
0.000148483
0.000155753
0.000163023
0.000166665
0.000168408
0.000170151
0.000171894
0.000173636
0.000175379
0.000177122
0.000178865
0.000180608
0.00018235
0.000184093
0.000185836
0.000187579
0.000189322
0.000191064
0.000192807
0.00019455
0.000196293
0.000198035
0.000199778
0.000201521
0.000203264
0.000205007
0.000206749
0.000208492
0.000210235
0.000211978
0.00021372
0.000215463
0.000217206
0.000218949
0.000220691
0.000212688
0.000204685
0.000196682
0.000188679
0.000180676
0.000172673
0.00016467
0.000156666
0.000148663
0.00014066
0.000132657
0.000124654
0.00011665
0.000108647
0.000100644
9.26408e-05
8.46376e-05
7.66344e-05
6.86311e-05
6.06279e-05
5.26246e-05
4.46214e-05
3.66181e-05
2.86148e-05
2.06115e-05
1.26083e-05
4.60497e-06
-3.08687e-06
-1.03567e-05
-1.76265e-05
-2.48963e-05
-3.21662e-05
-3.9436e-05
-4.67058e-05
-5.39757e-05
-6.12456e-05
-6.85154e-05
-7.57853e-05
-8.30552e-05
-9.0325e-05
-9.75949e-05
-0.000104821
-0.000112047
-0.000119272
-0.000126498
-0.000133724
-0.00014095
-0.000148176
-0.000155402
-0.000162628
-0.000166561
-0.000168293
-0.000170025
-0.000171758
-0.00017349
-0.000175223
-0.000176955
-0.000178688
-0.00018042
-0.000182152
-0.000183885
-0.000185617
-0.00018735
-0.000189082
-0.000190815
-0.000192547
-0.00019428
-0.000196012
-0.000197744
-0.000199477
-0.000201209
-0.000202942
-0.000204674
-0.000206407
-0.000208139
-0.000209872
-0.000211604
-0.000213337
-0.000215069
-0.000216802
-0.000218534
-0.000220267
-0.00022261
-0.000225158
-0.000227706
-0.000230253
-0.000232801
-0.000233999
-0.000235122
-0.000236244
-0.000237366
-0.000238489
-0.000239611
-0.000240733
-0.000241855
-0.000242978
-0.000235023
-0.000227067
-0.000219112
-0.000211157
-0.000203202
-0.000195247
-0.000187292
-0.000179337
-0.000171382
-0.000163427
-0.000155472
-0.000147517
-0.000139562
-0.000131607
-0.000123652
-0.000115697
-0.000107742
-9.97865e-05
-9.18315e-05
-8.38765e-05
-7.59215e-05
-6.79666e-05
-6.00116e-05
-5.20566e-05
-4.41016e-05
-3.61467e-05
-2.81917e-05
-2.02368e-05
-1.22819e-05
-4.32694e-06
2.94371e-06
9.39826e-06
1.58528e-05
2.23073e-05
2.87619e-05
3.52164e-05
4.16709e-05
4.81254e-05
5.45799e-05
6.10344e-05
6.74889e-05
7.39434e-05
8.03979e-05
8.68523e-05
9.33068e-05
9.97613e-05
0.000106216
0.00011267
0.000119125
0.000125579
0.000132034
0.000138488
0.000144942
0.000151397
0.000157851
0.000164306
0.00016664
0.000168017
0.000169394
0.000170771
0.000172148
0.000173525
0.000174903
0.00017628
0.000177657
0.000179034
0.000180411
0.000181788
0.000183165
0.000184542
0.00018592
0.000187297
0.000188674
0.000190051
0.000191428
0.000192805
0.000194182
0.000195559
0.000196937
0.000198314
0.000199691
0.000201068
0.000202445
0.000203822
0.000205199
0.000206576
0.000207953
0.00020933
0.000210708
0.000212085
0.000213462
0.000214839
0.000216216
0.000217593
0.00021897
0.000220347
0.000222602
0.000225149
0.000227697
0.000230244
0.000232791
0.000233989
0.000235111
0.000236233
0.000237355
0.000238477
0.000239599
0.000240721
0.000241843
0.000242965
0.00023501
0.000227056
0.000219101
0.000211147
0.000203192
0.000195238
0.000187283
0.000179328
0.000171374
0.000163419
0.000155465
0.00014751
0.000139555
0.000131601
0.000123646
0.000115691
0.000107737
9.9782e-05
9.18273e-05
8.38726e-05
7.59179e-05
6.79632e-05
6.00085e-05
5.20538e-05
4.40991e-05
3.61444e-05
2.81896e-05
2.02349e-05
1.22801e-05
4.32539e-06
-2.77022e-06
-8.84193e-06
-1.49136e-05
-2.09854e-05
-2.70571e-05
-3.31288e-05
-3.92006e-05
-4.52723e-05
-5.1344e-05
-5.74158e-05
-6.34875e-05
-6.95593e-05
-7.56311e-05
-8.17028e-05
-8.77746e-05
-9.38464e-05
-9.99182e-05
-0.00010599
-0.000112062
-0.000118134
-0.000124205
-0.000130277
-0.000136349
-0.000142421
-0.000148493
-0.000154564
-0.000160636
-0.000166708
-0.00017278
-0.000178852
-0.000182774
-0.000184002
-0.000185231
-0.00018646
-0.000187688
-0.000188917
-0.000190146
-0.000191374
-0.000192603
-0.000193831
-0.00019506
-0.000196289
-0.000197517
-0.000198746
-0.000199975
-0.000201203
-0.000202432
-0.000203661
-0.000204889
-0.000206118
-0.000207346
-0.000208575
-0.000209804
-0.000211032
-0.000212261
-0.00021349
-0.000214718
-0.000215947
-0.000217176
-0.000218404
-0.000219633
-0.000220862
-0.00022209
-0.000223319
-0.000224548
-0.000225776
-0.000227005
-0.000228234
-0.000229462
-0.000230691
-0.00023192
-0.000233148
-0.000234377
-0.000235606
-0.000236834
-0.000238063
-0.000239292
-0.00024052
-0.000241749
-0.000242978
-0.000235023
-0.000227067
-0.000219112
-0.000211157
-0.000203202
-0.000195247
-0.000187292
-0.000179337
-0.000171382
-0.000163427
-0.000155472
-0.000147517
-0.000139562
-0.000131607
-0.000123652
-0.000115697
-0.000107742
-9.97865e-05
-9.18315e-05
-8.38765e-05
-7.59215e-05
-6.79666e-05
-6.00116e-05
-5.20566e-05
-4.41016e-05
-3.61467e-05
-2.81917e-05
-2.02368e-05
-1.22819e-05
-4.32694e-06
2.76917e-06
8.84101e-06
1.49128e-05
2.09847e-05
2.70565e-05
3.31283e-05
3.92001e-05
4.52719e-05
5.13437e-05
5.74155e-05
6.34873e-05
6.95591e-05
7.56309e-05
8.17026e-05
8.77744e-05
9.38462e-05
9.99179e-05
0.00010599
0.000112061
0.000118133
0.000124205
0.000130277
0.000136348
0.00014242
0.000148492
0.000154564
0.000160635
0.000166707
0.000172779
0.00017885
0.000182774
0.000184002
0.00018523
0.000186459
0.000187687
0.000188916
0.000190144
0.000191372
0.000192601
0.000193829
0.000195058
0.000196286
0.000197515
0.000198743
0.000199971
0.0002012
0.000202428
0.000203657
0.000204885
0.000206113
0.000207342
0.00020857
0.000209799
0.000211027
0.000212255
0.000213484
0.000214712
0.000215941
0.000217169
0.000218397
0.000219626
0.000220854
0.000222083
0.000223311
0.000224539
0.000225768
0.000226996
0.000228225
0.000229453
0.000230681
0.00023191
0.000233138
0.000234366
0.000235595
0.000236823
0.000238052
0.00023928
0.000240508
0.000241737
0.000242965
0.00023501
0.000227056
0.000219101
0.000211147
0.000203192
0.000195238
0.000187283
0.000179328
0.000171374
0.000163419
0.000155465
0.00014751
0.000139555
0.000131601
0.000123646
0.000115691
0.000107737
9.9782e-05
9.18273e-05
8.38726e-05
7.59179e-05
6.79632e-05
6.00085e-05
5.20538e-05
4.40991e-05
3.61444e-05
2.81896e-05
2.02349e-05
1.22801e-05
4.32539e-06
-2.77022e-06
-8.84193e-06
-1.49136e-05
-2.09854e-05
-2.70571e-05
-3.31288e-05
-3.92006e-05
-4.52723e-05
-5.1344e-05
-5.74158e-05
-6.34875e-05
-6.95593e-05
-7.56311e-05
-8.17028e-05
-8.77746e-05
-9.38464e-05
-9.99182e-05
-0.00010599
-0.000112062
-0.000118134
-0.000124205
-0.000130277
-0.000136349
-0.000142421
-0.000148493
-0.000154528
-0.000160563
-0.000166598
-0.000172634
-0.000178669
-0.000182729
-0.000183951
-0.000185172
-0.000186393
-0.000187614
-0.000188836
-0.000190057
-0.000191278
-0.000192499
-0.00019372
-0.000194942
-0.000196163
-0.000197384
-0.000198605
-0.000199827
-0.000201048
-0.000202269
-0.00020349
-0.000204712
-0.000205933
-0.000207154
-0.000208375
-0.000209597
-0.000210818
-0.000212039
-0.00021326
-0.000214481
-0.000215703
-0.000216924
-0.000218145
-0.000219367
-0.000220588
-0.000221809
-0.00022303
-0.000224252
-0.000225473
-0.000226694
-0.000227915
-0.000229137
-0.000230358
-0.000231579
-0.0002328
-0.000234022
-0.000235243
-0.000236464
-0.000237685
-0.000238907
-0.000240128
-0.000241349
-0.000242571
-0.000243721
-0.000244837
-0.000245952
-0.000247068
-0.000248183
-0.000249299
-0.000250415
-0.00025153
-0.000252646
-0.000253761
-0.000254877
-0.000255992
-0.000257108
-0.000258223
-0.000259339
-0.000260454
-0.00026157
-0.000262686
-0.000263801
-0.000264917
-0.000266032
-0.000267148
-0.000268263
-0.000269379
-0.000270494
-0.00027161
-0.000272725
-0.000273841
-0.000265934
-0.000258026
-0.000250119
-0.000242212
-0.000234305
-0.000226397
-0.00021849
-0.000210583
-0.000202676
-0.000194768
-0.000186861
-0.000178954
-0.000171047
-0.000163139
-0.000155232
-0.000147325
-0.000139418
-0.000131511
-0.000123603
-0.000115696
-0.000107789
-9.98819e-05
-9.19747e-05
-8.40676e-05
-7.61604e-05
-6.82533e-05
-6.03462e-05
-5.2439e-05
-4.45319e-05
-3.66248e-05
-2.87177e-05
-2.08106e-05
-1.29035e-05
-4.99642e-06
1.85639e-06
6.89946e-06
1.19425e-05
1.69856e-05
2.20286e-05
2.70717e-05
3.21147e-05
3.71578e-05
4.22008e-05
4.72438e-05
5.22869e-05
5.73299e-05
6.23729e-05
6.74159e-05
7.24589e-05
7.7502e-05
8.2545e-05
8.7588e-05
9.2631e-05
9.76739e-05
0.000102717
0.00010776
0.000112803
0.000117846
0.000122889
0.000127932
0.000132975
0.000138018
0.000143061
0.000148104
0.000153147
0.000158189
0.000163232
0.000168275
0.000173318
0.000178361
0.00018244
0.000183339
0.000184237
0.000185136
0.000186035
0.000186934
0.000187833
0.000188732
0.000189631
0.00019053
0.000191429
0.000192328
0.000193227
0.000194126
0.000195024
0.000195923
0.000196822
0.000197721
0.00019862
0.000199519
0.000200418
0.000201317
0.000202216
0.000203115
0.000204014
0.000204912
0.000205811
0.00020671
0.000207609
0.000208508
0.000209407
0.000210306
0.000211205
0.000212104
0.000213002
0.000213901
0.0002148
0.000215699
0.000216598
0.000217497
0.000218396
0.000219295
0.000220194
0.000221092
0.000221991
0.00022289
0.000223789
0.000224688
0.000225587
0.000226486
0.000227385
0.000228284
0.000229182
0.000230081
0.00023098
0.000231879
0.000232778
0.000233677
0.000234576
0.000235474
0.000236373
0.000237272
0.000238171
0.00023907
0.000239969
0.000240868
0.000241767
0.000242665
0.000243708
0.000244824
0.000245939
0.000247054
0.000248169
0.000249285
0.0002504
0.000251515
0.00025263
0.000253745
0.000254861
0.000255976
0.000257091
0.000258206
0.000259321
0.000260437
0.000261552
0.000262667
0.000263782
0.000264897
0.000266013
0.000267128
0.000268243
0.000269358
0.000270473
0.000271589
0.000272704
0.000273819
0.000265912
0.000258006
0.000250099
0.000242193
0.000234286
0.00022638
0.000218473
0.000210567
0.00020266
0.000194753
0.000186847
0.00017894
0.000171034
0.000163127
0.00015522
0.000147314
0.000139407
0.0001315
0.000123594
0.000115687
0.00010778
9.98737e-05
9.1967e-05
8.40603e-05
7.61536e-05
6.82469e-05
6.03402e-05
5.24335e-05
4.45268e-05
3.66201e-05
2.87134e-05
2.08066e-05
1.28999e-05
4.99313e-06
-1.70643e-06
-6.33718e-06
-1.09679e-05
-1.55987e-05
-2.02295e-05
-2.48603e-05
-2.9491e-05
-3.41218e-05
-3.87526e-05
-4.33834e-05
-4.80142e-05
-5.2645e-05
-5.72758e-05
-6.19066e-05
-6.65374e-05
-7.11682e-05
-7.5799e-05
-8.04299e-05
-8.50607e-05
-8.96915e-05
-9.43223e-05
-9.89532e-05
-0.000103584
-0.000108215
-0.000112846
-0.000117477
-0.000122107
-0.000126738
-0.000131369
-0.000136
-0.000140631
-0.000145262
-0.000149893
-0.000154524
-0.000159154
-0.000163785
-0.000168416
-0.000173047
-0.000177678
-0.000182309
-0.00018694
-0.000191571
-0.000196202
-0.000200833
-0.000205387
-0.000206174
-0.00020696
-0.000207747
-0.000208534
-0.000209321
-0.000210108
-0.000210894
-0.000211681
-0.000212468
-0.000213255
-0.000214042
-0.000214828
-0.000215615
-0.000216402
-0.000217189
-0.000217976
-0.000218763
-0.000219549
-0.000220336
-0.000221123
-0.00022191
-0.000222697
-0.000223483
-0.00022427
-0.000225057
-0.000225844
-0.000226631
-0.000227417
-0.000228204
-0.000228991
-0.000229778
-0.000230565
-0.000231352
-0.000232138
-0.000232925
-0.000233712
-0.000234499
-0.000235286
-0.000236072
-0.000236859
-0.000237646
-0.000238433
-0.00023922
-0.000240007
-0.000240793
-0.00024158
-0.000242367
-0.000243154
-0.000243941
-0.000244728
-0.000245514
-0.000246301
-0.000247088
-0.000247875
-0.000248662
-0.000249449
-0.000250235
-0.000251022
-0.000251809
-0.000252596
-0.000253383
-0.00025417
-0.000254957
-0.000255743
-0.00025653
-0.000257317
-0.000258104
-0.000258891
-0.000259678
-0.000260464
-0.000261251
-0.000262038
-0.000262825
-0.000263612
-0.000264399
-0.000265186
-0.000265972
-0.000266759
-0.000267546
-0.000268333
-0.00026912
-0.000269907
-0.000270694
-0.00027148
-0.000272267
-0.000273054
-0.000273841
-0.000265934
-0.000258026
-0.000250119
-0.000242212
-0.000234305
-0.000226397
-0.00021849
-0.000210583
-0.000202676
-0.000194768
-0.000186861
-0.000178954
-0.000171047
-0.000163139
-0.000155232
-0.000147325
-0.000139418
-0.000131511
-0.000123603
-0.000115696
-0.000107789
-9.98819e-05
-9.19747e-05
-8.40676e-05
-7.61604e-05
-6.82533e-05
-6.03462e-05
-5.2439e-05
-4.45319e-05
-3.66248e-05
-2.87177e-05
-2.08106e-05
-1.29035e-05
-4.99642e-06
1.7047e-06
6.33566e-06
1.09666e-05
1.55976e-05
2.02285e-05
2.48595e-05
2.94904e-05
3.41214e-05
3.87523e-05
4.33833e-05
4.80142e-05
5.26451e-05
5.7276e-05
6.1907e-05
6.65379e-05
7.11688e-05
7.57997e-05
8.04306e-05
8.50615e-05
8.96924e-05
9.43233e-05
9.89542e-05
0.000103585
0.000108216
0.000112847
0.000117478
0.000122109
0.000126739
0.00013137
0.000136001
0.000140632
0.000145263
0.000149894
0.000154524
0.000159155
0.000163786
0.000168417
0.000173048
0.000177679
0.000182309
0.00018694
0.000191571
0.000196202
0.000200833
0.000205389
0.000206176
0.000206962
0.000207749
0.000208535
0.000209322
0.000210109
0.000210895
0.000211682
0.000212468
0.000213255
0.000214041
0.000214828
0.000215615
0.000216401
0.000217188
0.000217974
0.000218761
0.000219547
0.000220334
0.000221121
0.000221907
0.000222694
0.00022348
0.000224267
0.000225053
0.00022584
0.000226627
0.000227413
0.0002282
0.000228986
0.000229773
0.000230559
0.000231346
0.000232133
0.000232919
0.000233706
0.000234492
0.000235279
0.000236065
0.000236852
0.000237638
0.000238425
0.000239212
0.000239998
0.000240785
0.000241571
0.000242358
0.000243144
0.000243931
0.000244717
0.000245504
0.00024629
0.000247077
0.000247864
0.00024865
0.000249437
0.000250223
0.00025101
0.000251796
0.000252583
0.000253369
0.000254156
0.000254942
0.000255729
0.000256515
0.000257302
0.000258089
0.000258875
0.000259662
0.000260448
0.000261235
0.000262021
0.000262808
0.000263594
0.000264381
0.000265167
0.000265954
0.00026674
0.000267527
0.000268313
0.0002691
0.000269886
0.000270673
0.000271459
0.000272246
0.000273032
0.000273819
0.000265912
0.000258006
0.000250099
0.000242193
0.000234286
0.00022638
0.000218473
0.000210567
0.00020266
0.000194753
0.000186847
0.00017894
0.000171034
0.000163127
0.00015522
0.000147314
0.000139407
0.0001315
0.000123594
0.000115687
0.00010778
9.98737e-05
9.1967e-05
8.40603e-05
7.61536e-05
6.82469e-05
6.03402e-05
5.24335e-05
4.45268e-05
3.66201e-05
2.87134e-05
2.08066e-05
1.28999e-05
4.99313e-06
-1.70643e-06
-6.33718e-06
-1.09679e-05
-1.55987e-05
-2.02295e-05
-2.48603e-05
-2.9491e-05
-3.41218e-05
-3.87526e-05
-4.33834e-05
-4.80142e-05
-5.2645e-05
-5.72758e-05
-6.19066e-05
-6.65374e-05
-7.11682e-05
-7.5799e-05
-8.04299e-05
-8.50607e-05
-8.96915e-05
-9.43223e-05
-9.89532e-05
-0.000103584
-0.000108215
-0.000112846
-0.000117477
-0.000122107
-0.000126738
-0.000131369
-0.000136
-0.000140631
-0.000145262
-0.000149893
-0.000154524
-0.000159154
-0.000163785
-0.000168416
-0.000173047
-0.000177678
-0.000182309
-0.00018694
-0.000191571
-0.000196202
-0.000200833
-0.000205387
-0.000206174
-0.00020696
-0.000207747
-0.000208534
-0.000209319
-0.000210103
-0.000210887
-0.000211672
-0.000212456
-0.000213241
-0.000214025
-0.00021481
-0.000215594
-0.000216378
-0.000217163
-0.000217947
-0.000218732
-0.000219516
-0.000220301
-0.000221085
-0.00022187
-0.000222654
-0.000223438
-0.000224223
-0.000225007
-0.000225792
-0.000226576
-0.000227361
-0.000228145
-0.00022893
-0.000229714
-0.000230499
-0.000231283
-0.000232067
-0.000232852
-0.000233636
-0.000234421
-0.000235205
-0.00023599
-0.000236774
-0.000237559
-0.000238343
-0.000239128
-0.000239912
-0.000240697
-0.000241481
-0.000242265
-0.00024305
-0.000243834
-0.000244619
-0.000245403
-0.000246188
-0.000246972
-0.000247757
-0.000248541
-0.000249326
-0.00025011
-0.000250895
-0.000251679
-0.000252464
-0.000253248
-0.000254033
-0.000254817
-0.000255602
-0.000256386
-0.000257171
-0.000257955
-0.00025874
-0.000259524
-0.000260309
-0.000261093
-0.000261877
-0.000262662
-0.000263446
-0.000264231
-0.000265015
-0.0002658
-0.000266584
-0.000267369
-0.000268153
-0.000268938
-0.000269722
-0.000270507
-0.000271291
-0.000272076
-0.00027286
-0.000273645
-0.000274675
-0.000275787
-0.0002769
-0.000278012
-0.000279124
-0.000280236
-0.000281348
-0.000282461
-0.000283573
-0.000284685
-0.000285797
-0.00028691
-0.000288022
-0.000289134
-0.000290246
-0.000291358
-0.000292471
-0.000293583
-0.000294695
-0.000295807
-0.00029692
-0.000298032
-0.000299144
-0.000300256
-0.000301369
-0.000302481
-0.000303593
-0.000304705
-0.000296822
-0.000288938
-0.000281054
-0.000273171
-0.000265287
-0.000257403
-0.00024952
-0.000241636
-0.000233753
-0.000225869
-0.000217985
-0.000210102
-0.000202218
-0.000194335
-0.000186451
-0.000178568
-0.000170684
-0.0001628
-0.000154917
-0.000147033
-0.00013915
-0.000131266
-0.000123383
-0.000115499
-0.000107616
-9.97322e-05
-9.18487e-05
-8.39652e-05
-7.60818e-05
-6.81983e-05
-6.03148e-05
-5.24314e-05
-4.45479e-05
-3.66645e-05
-2.8781e-05
-2.08976e-05
-1.30142e-05
-5.13073e-06
1.42172e-06
5.4934e-06
9.56507e-06
1.36367e-05
1.77084e-05
2.17801e-05
2.58517e-05
2.99234e-05
3.3995e-05
3.80667e-05
4.21383e-05
4.62099e-05
5.02816e-05
5.43532e-05
5.84248e-05
6.24965e-05
6.65681e-05
7.06397e-05
7.47113e-05
7.87829e-05
8.28545e-05
8.69261e-05
9.09977e-05
9.50693e-05
9.91409e-05
0.000103212
0.000107284
0.000111356
0.000115427
0.000119499
0.00012357
0.000127642
0.000131713
0.000135785
0.000139857
0.000143928
0.000148
0.000152071
0.000156143
0.000160214
0.000164286
0.000168357
0.000172429
0.0001765
0.000180572
0.000184643
0.000188715
0.000192786
0.000196858
0.000200929
0.000205001
0.000205967
0.000206618
0.000207269
0.00020792
0.00020857
0.000209221
0.000209872
0.000210523
0.000211174
0.000211825
0.000212476
0.000213127
0.000213778
0.000214428
0.000215079
0.00021573
0.000216381
0.000217032
0.000217683
0.000218334
0.000218985
0.000219635
0.000220286
0.000220937
0.000221588
0.000222239
0.00022289
0.000223541
0.000224192
0.000224843
0.000225493
0.000226144
0.000226795
0.000227446
0.000228097
0.000228748
0.000229399
0.00023005
0.0002307
0.000231351
0.000232002
0.000232653
0.000233304
0.000233955
0.000234606
0.000235256
0.000235907
0.000236558
0.000237209
0.00023786
0.000238511
0.000239162
0.000239812
0.000240463
0.000241114
0.000241765
0.000242416
0.000243067
0.000243718
0.000244368
0.000245019
0.00024567
0.000246321
0.000246972
0.000247623
0.000248274
0.000248924
0.000249575
0.000250226
0.000250877
0.000251528
0.000252179
0.00025283
0.00025348
0.000254131
0.000254782
0.000255433
0.000256084
0.000256735
0.000257385
0.000258036
0.000258687
0.000259338
0.000259989
0.00026064
0.00026129
0.000261941
0.000262592
0.000263243
0.000263894
0.000264545
0.000265195
0.000265846
0.000266497
0.000267148
0.000267799
0.00026845
0.0002691
0.000269751
0.000270402
0.000271053
0.000271704
0.000272355
0.000273005
0.000273656
0.000274653
0.000275765
0.000276877
0.000277988
0.0002791
0.000280212
0.000281324
0.000282436
0.000283548
0.000284659
0.000285771
0.000286883
0.000287995
0.000289107
0.000290218
0.00029133
0.000292442
0.000293554
0.000294666
0.000295778
0.000296889
0.000298001
0.000299113
0.000300225
0.000301337
0.000302448
0.00030356
0.000304672
0.000296789
0.000288907
0.000281024
0.000273141
0.000265259
0.000257376
0.000249493
0.00024161
0.000233728
0.000225845
0.000217962
0.000210079
0.000202197
0.000194314
0.000186431
0.000178548
0.000170665
0.000162783
0.0001549
0.000147017
0.000139134
0.000131251
0.000123369
0.000115486
0.000107603
9.97201e-05
9.18372e-05
8.39543e-05
7.60715e-05
6.81886e-05
6.03057e-05
5.24228e-05
4.45399e-05
3.6657e-05
2.87741e-05
2.08912e-05
1.30083e-05
5.12537e-06
-1.36225e-06
-5.25644e-06
-9.15064e-06
-1.30448e-05
-1.69391e-05
-2.08333e-05
-2.47275e-05
-2.86217e-05
-3.25159e-05
-3.64101e-05
-4.03044e-05
-4.41986e-05
-4.80928e-05
-5.19871e-05
-5.58813e-05
-5.97756e-05
-6.36698e-05
-6.75641e-05
-7.14583e-05
-7.53526e-05
-7.92469e-05
-8.31411e-05
-8.70354e-05
-9.09297e-05
-9.48239e-05
-9.87182e-05
-0.000102613
-0.000106507
-0.000110401
-0.000114295
-0.00011819
-0.000122084
-0.000125978
-0.000129873
-0.000133767
-0.000137661
-0.000141556
-0.00014545
-0.000149344
-0.000153239
-0.000157133
-0.000161027
-0.000164922
-0.000168816
-0.00017271
-0.000176605
-0.000180499
-0.000184393
-0.000188288
-0.000192182
-0.000196076
-0.000199971
-0.000203865
-0.00020776
-0.000211654
-0.000215548
-0.000219443
-0.000223337
-0.000227231
-0.000228924
-0.000229535
-0.000230146
-0.000230757
-0.000231368
-0.000231979
-0.00023259
-0.000233201
-0.000233812
-0.000234424
-0.000235035
-0.000235646
-0.000236257
-0.000236868
-0.000237479
-0.00023809
-0.000238701
-0.000239312
-0.000239924
-0.000240535
-0.000241146
-0.000241757
-0.000242368
-0.000242979
-0.00024359
-0.000244201
-0.000244812
-0.000245424
-0.000246035
-0.000246646
-0.000247257
-0.000247868
-0.000248479
-0.00024909
-0.000249701
-0.000250313
-0.000250924
-0.000251535
-0.000252146
-0.000252757
-0.000253368
-0.000253979
-0.00025459
-0.000255202
-0.000255813
-0.000256424
-0.000257035
-0.000257646
-0.000258257
-0.000258868
-0.00025948
-0.000260091
-0.000260702
-0.000261313
-0.000261924
-0.000262535
-0.000263146
-0.000263757
-0.000264369
-0.00026498
-0.000265591
-0.000266202
-0.000266813
-0.000267424
-0.000268035
-0.000268647
-0.000269258
-0.000269869
-0.00027048
-0.000271091
-0.000271702
-0.000272314
-0.000272925
-0.000273536
-0.000274147
-0.000274758
-0.000275369
-0.00027598
-0.000276592
-0.000277203
-0.000277814
-0.000278425
-0.000279036
-0.000279647
-0.000280259
-0.00028087
-0.000281481
-0.000282092
-0.000282703
-0.000283314
-0.000283925
-0.000284537
-0.000285148
-0.000285759
-0.00028637
-0.000286981
-0.000287592
-0.000288204
-0.000288815
-0.000289426
-0.000290037
-0.000290648
-0.000291259
-0.000291871
-0.000292482
-0.000293093
-0.000293704
-0.000294315
-0.000294926
-0.000295538
-0.000296149
-0.00029676
-0.000297371
-0.000297982
-0.000298594
-0.000299205
-0.000299816
-0.000300427
-0.000301038
-0.000301649
-0.000302261
-0.000302872
-0.000303483
-0.000304094
-0.000304705
-0.000296822
-0.000288938
-0.000281054
-0.000273171
-0.000265287
-0.000257403
-0.00024952
-0.000241636
-0.000233753
-0.000225869
-0.000217985
-0.000210102
-0.000202218
-0.000194335
-0.000186451
-0.000178568
-0.000170684
-0.0001628
-0.000154917
-0.000147033
-0.00013915
-0.000131266
-0.000123383
-0.000115499
-0.000107616
-9.97322e-05
-9.18487e-05
-8.39652e-05
-7.60818e-05
-6.81983e-05
-6.03148e-05
-5.24314e-05
-4.45479e-05
-3.66645e-05
-2.8781e-05
-2.08976e-05
-1.30142e-05
-5.13073e-06
1.35985e-06
5.25432e-06
9.14879e-06
1.30433e-05
1.69377e-05
2.08322e-05
2.47266e-05
2.86211e-05
3.25155e-05
3.641e-05
4.03044e-05
4.41988e-05
4.80933e-05
5.19877e-05
5.58821e-05
5.97765e-05
6.3671e-05
6.75654e-05
7.14598e-05
7.53542e-05
7.92486e-05
8.3143e-05
8.70374e-05
9.09318e-05
9.48262e-05
9.87206e-05
0.000102615
0.000106509
0.000110404
0.000114298
0.000118192
0.000122087
0.000125981
0.000129876
0.00013377
0.000137664
0.000141559
0.000145453
0.000149347
0.000153242
0.000157136
0.00016103
0.000164925
0.000168819
0.000172713
0.000176608
0.000180502
0.000184396
0.000188291
0.000192185
0.000196079
0.000199973
0.000203868
0.000207762
0.000211656
0.000215551
0.000219445
0.000223339
0.000227233
0.000228929
0.000229539
0.00023015
0.000230761
0.000231372
0.000231983
0.000232594
0.000233205
0.000233816
0.000234426
0.000235037
0.000235648
0.000236259
0.00023687
0.000237481
0.000238092
0.000238702
0.000239313
0.000239924
0.000240535
0.000241146
0.000241757
0.000242368
0.000242978
0.000243589
0.0002442
0.000244811
0.000245422
0.000246033
0.000246644
0.000247255
0.000247865
0.000248476
0.000249087
0.000249698
0.000250309
0.00025092
0.00025153
0.000252141
0.000252752
0.000253363
0.000253974
0.000254585
0.000255196
0.000255806
0.000256417
0.000257028
0.000257639
0.00025825
0.000258861
0.000259471
0.000260082
0.000260693
0.000261304
0.000261915
0.000262526
0.000263137
0.000263747
0.000264358
0.000264969
0.00026558
0.000266191
0.000266802
0.000267412
0.000268023
0.000268634
0.000269245
0.000269856
0.000270467
0.000271077
0.000271688
0.000272299
0.00027291
0.000273521
0.000274132
0.000274742
0.000275353
0.000275964
0.000276575
0.000277186
0.000277796
0.000278407
0.000279018
0.000279629
0.00028024
0.000280851
0.000281461
0.000282072
0.000282683
0.000283294
0.000283905
0.000284515
0.000285126
0.000285737
0.000286348
0.000286959
0.00028757
0.00028818
0.000288791
0.000289402
0.000290013
0.000290624
0.000291234
0.000291845
0.000292456
0.000293067
0.000293678
0.000294288
0.000294899
0.00029551
0.000296121
0.000296732
0.000297342
0.000297953
0.000298564
0.000299175
0.000299786
0.000300396
0.000301007
0.000301618
0.000302229
0.00030284
0.00030345
0.000304061
0.000304672
0.000296789
0.000288907
0.000281024
0.000273141
0.000265259
0.000257376
0.000249493
0.00024161
0.000233728
0.000225845
0.000217962
0.000210079
0.000202197
0.000194314
0.000186431
0.000178548
0.000170665
0.000162783
0.0001549
0.000147017
0.000139134
0.000131251
0.000123369
0.000115486
0.000107603
9.97201e-05
9.18372e-05
8.39543e-05
7.60715e-05
6.81886e-05
6.03057e-05
5.24228e-05
4.45399e-05
3.6657e-05
2.87741e-05
2.08912e-05
1.30083e-05
5.12537e-06
-1.36225e-06
-5.25644e-06
-9.15064e-06
-1.30448e-05
-1.69391e-05
-2.08333e-05
-2.47275e-05
-2.86217e-05
-3.25159e-05
-3.64101e-05
-4.03044e-05
-4.41986e-05
-4.80928e-05
-5.19871e-05
-5.58813e-05
-5.97756e-05
-6.36698e-05
-6.75641e-05
-7.14583e-05
-7.53526e-05
-7.92469e-05
-8.31411e-05
-8.70354e-05
-9.09297e-05
-9.48239e-05
-9.87182e-05
-0.000102613
-0.000106507
-0.000110401
-0.000114295
-0.00011819
-0.000122084
-0.000125978
-0.000129873
-0.000133767
-0.000137661
-0.000141556
-0.00014545
-0.000149344
-0.000153239
-0.000157133
-0.000161027
-0.000164922
-0.000168816
-0.00017271
-0.000176605
-0.000180499
-0.000184393
-0.000188288
-0.000192182
-0.000196076
-0.000199971
-0.000203865
-0.00020776
-0.000211654
-0.000215548
-0.000219443
-0.000223337
-0.000227231
-0.000228924
-0.000229535
-0.000230146
-0.000230757
-0.000231368
-0.000231979
-0.00023259
-0.000233201
-0.000233812
-0.000234424
-0.000235035
-0.000235646
-0.000236257
-0.000236868
-0.000237478
-0.000238088
-0.000238698
-0.000239308
-0.000239918
-0.000240528
-0.000241138
-0.000241748
-0.000242358
-0.000242968
-0.000243578
-0.000244188
-0.000244798
-0.000245408
-0.000246018
-0.000246628
-0.000247238
-0.000247848
-0.000248458
-0.000249068
-0.000249678
-0.000250288
-0.000250898
-0.000251508
-0.000252118
-0.000252729
-0.000253339
-0.000253949
-0.000254559
-0.000255169
-0.000255779
-0.000256389
-0.000256999
-0.000257609
-0.000258219
-0.000258829
-0.000259439
-0.000260049
-0.000260659
-0.000261269
-0.000261879
-0.000262489
-0.000263099
-0.000263709
-0.000264319
-0.000264929
-0.000265539
-0.000266149
-0.000266759
-0.000267369
-0.000267979
-0.000268589
-0.0002692
-0.00026981
-0.00027042
-0.00027103
-0.00027164
-0.00027225
-0.00027286
-0.00027347
-0.00027408
-0.00027469
-0.0002753
-0.00027591
-0.00027652
-0.00027713
-0.00027774
-0.00027835
-0.00027896
-0.00027957
-0.00028018
-0.000280791
-0.000281401
-0.000282011
-0.000282621
-0.000283231
-0.000283841
-0.000284451
-0.000285061
-0.000285671
-0.000286281
-0.000286891
-0.000287501
-0.000288111
-0.000288721
-0.000289331
-0.000289941
-0.000290552
-0.000291162
-0.000291772
-0.000292382
-0.000292992
-0.000293602
-0.000294212
-0.000294822
-0.000295432
-0.000296042
-0.000296652
-0.000297262
-0.000297872
-0.000298482
-0.000299093
-0.000299703
-0.000300313
-0.000300923
-0.000301533
-0.000302143
-0.000302753
-0.000303363
-0.000303973
-0.000304583
-0.000305594
-0.000306704
-0.000307814
-0.000308924
-0.000310034
-0.000311145
-0.000312255
-0.000313365
-0.000314475
-0.000315586
-0.000316696
-0.000317806
-0.000318916
-0.000320027
-0.000321137
-0.000322247
-0.000323358
-0.000324468
-0.000325578
-0.000326688
-0.000327799
-0.000328909
-0.000330019
-0.000331129
-0.00033224
-0.000333328
-0.000334342
-0.000335355
-0.000327486
-0.000319617
-0.000311748
-0.000303879
-0.00029601
-0.000288141
-0.000280272
-0.000272403
-0.000264534
-0.000256665
-0.000248796
-0.000240927
-0.000233058
-0.000225189
-0.00021732
-0.000209451
-0.000201582
-0.000193714
-0.000185845
-0.000177976
-0.000170107
-0.000162238
-0.000154369
-0.0001465
-0.000138631
-0.000130762
-0.000122894
-0.000115025
-0.000107156
-9.9287e-05
-9.14182e-05
-8.35494e-05
-7.56806e-05
-6.78118e-05
-5.99429e-05
-5.20741e-05
-4.42054e-05
-3.63366e-05
-2.84678e-05
-2.0599e-05
-1.27302e-05
-4.86149e-06
1.38038e-06
4.91037e-06
8.44035e-06
1.19703e-05
1.55003e-05
1.90303e-05
2.25602e-05
2.60902e-05
2.96202e-05
3.31501e-05
3.66801e-05
4.021e-05
4.374e-05
4.72699e-05
5.07999e-05
5.43298e-05
5.78597e-05
6.13897e-05
6.49196e-05
6.84495e-05
7.19795e-05
7.55094e-05
7.90393e-05
8.25692e-05
8.60991e-05
8.9629e-05
9.31589e-05
9.66888e-05
0.000100219
0.000103749
0.000107279
0.000110808
0.000114338
0.000117868
0.000121398
0.000124928
0.000128458
0.000131988
0.000135518
0.000139047
0.000142577
0.000146107
0.000149637
0.000153167
0.000156697
0.000160226
0.000163756
0.000167286
0.000170816
0.000174346
0.000177876
0.000181405
0.000184935
0.000188465
0.000191995
0.000195525
0.000199055
0.000202584
0.000206114
0.000209644
0.000213174
0.000216704
0.000220233
0.000223763
0.000227293
0.000228886
0.000229419
0.000229952
0.000230485
0.000231018
0.000231551
0.000232084
0.000232617
0.00023315
0.000233683
0.000234216
0.000234749
0.000235282
0.000235815
0.000236348
0.000236881
0.000237414
0.000237947
0.00023848
0.000239013
0.000239546
0.000240079
0.000240612
0.000241145
0.000241677
0.00024221
0.000242743
0.000243276
0.000243809
0.000244342
0.000244875
0.000245408
0.000245941
0.000246474
0.000247007
0.00024754
0.000248073
0.000248606
0.000249139
0.000249672
0.000250205
0.000250738
0.000251271
0.000251804
0.000252337
0.00025287
0.000253403
0.000253936
0.000254469
0.000255002
0.000255535
0.000256068
0.000256601
0.000257134
0.000257667
0.0002582
0.000258733
0.000259266
0.000259799
0.000260332
0.000260865
0.000261398
0.000261931
0.000262464
0.000262997
0.00026353
0.000264062
0.000264595
0.000265128
0.000265661
0.000266194
0.000266727
0.00026726
0.000267793
0.000268326
0.000268859
0.000269392
0.000269925
0.000270458
0.000270991
0.000271524
0.000272057
0.00027259
0.000273123
0.000273656
0.000274189
0.000274722
0.000275255
0.000275788
0.000276321
0.000276853
0.000277386
0.000277919
0.000278452
0.000278985
0.000279518
0.000280051
0.000280584
0.000281117
0.00028165
0.000282183
0.000282716
0.000283249
0.000283782
0.000284315
0.000284848
0.000285381
0.000285914
0.000286446
0.000286979
0.000287512
0.000288045
0.000288578
0.000289111
0.000289644
0.000290177
0.00029071
0.000291243
0.000291776
0.000292309
0.000292842
0.000293375
0.000293908
0.000294441
0.000294973
0.000295506
0.000296039
0.000296572
0.000297105
0.000297638
0.000298171
0.000298704
0.000299237
0.00029977
0.000300303
0.000300836
0.000301369
0.000301902
0.000302434
0.000302967
0.0003035
0.000304033
0.000304566
0.00030563
0.00030674
0.000307849
0.000308958
0.000310067
0.000311176
0.000312286
0.000313395
0.000314504
0.000315613
0.000316723
0.000317832
0.000318941
0.00032005
0.000321159
0.000322269
0.000323378
0.000324487
0.000325596
0.000326705
0.000327815
0.000328924
0.000330033
0.000331125
0.000332214
0.000333298
0.000334383
0.000335468
0.000327599
0.00031973
0.000311861
0.000303992
0.000296123
0.000288254
0.000280385
0.000272516
0.000264647
0.000256778
0.000248909
0.00024104
0.000233171
0.000225302
0.000217433
0.000209564
0.000201695
0.000193826
0.000185957
0.000178088
0.000170219
0.00016235
0.000154481
0.000146612
0.000138743
0.000130873
0.000123004
0.000115135
0.000107266
9.9397e-05
9.15279e-05
8.36587e-05
7.57896e-05
6.79204e-05
6.00512e-05
5.21821e-05
4.43129e-05
3.64437e-05
2.85745e-05
2.07053e-05
1.28361e-05
4.96688e-06
-1.2396e-06
-4.68863e-06
-8.13768e-06
-1.15867e-05
-1.50358e-05
-1.84848e-05
-2.19339e-05
-2.53829e-05
-2.8832e-05
-3.22811e-05
-3.57301e-05
-3.91792e-05
-4.26283e-05
-4.60774e-05
-4.95265e-05
-5.29755e-05
-5.64246e-05
-5.98737e-05
-6.33228e-05
-6.67719e-05
-7.0221e-05
-7.36701e-05
-7.71192e-05
-8.05683e-05
-8.40174e-05
-8.74666e-05
-9.09157e-05
-9.43648e-05
-9.78139e-05
-0.000101263
-0.000104712
-0.000108161
-0.00011161
-0.00011506
-0.000118509
-0.000121958
-0.000125407
-0.000128856
-0.000132305
-0.000135755
-0.000139204
-0.000142653
-0.000146102
-0.000149551
-0.000153
-0.00015645
-0.000159899
-0.000163348
-0.000166797
-0.000170246
-0.000173696
-0.000177145
-0.000180594
-0.000184043
-0.000187492
-0.000190942
-0.000194391
-0.00019784
-0.000201289
-0.000204738
-0.000208188
-0.000211637
-0.000215086
-0.000218535
-0.000221985
-0.000225434
-0.000228883
-0.000232332
-0.000235782
-0.000239231
-0.00024268
-0.000246129
-0.000249579
-0.000251763
-0.000252281
-0.000252799
-0.000253316
-0.000253834
-0.000254352
-0.00025487
-0.000255387
-0.000255905
-0.000256423
-0.000256941
-0.000257458
-0.000257976
-0.000258494
-0.000259012
-0.000259529
-0.000260047
-0.000260565
-0.000261083
-0.0002616
-0.000262118
-0.000262636
-0.000263154
-0.000263671
-0.000264189
-0.000264707
-0.000265225
-0.000265742
-0.00026626
-0.000266778
-0.000267296
-0.000267813
-0.000268331
-0.000268849
-0.000269367
-0.000269884
-0.000270402
-0.00027092
-0.000271438
-0.000271956
-0.000272473
-0.000272991
-0.000273509
-0.000274027
-0.000274544
-0.000275062
-0.00027558
-0.000276098
-0.000276615
-0.000277133
-0.000277651
-0.000278169
-0.000278686
-0.000279204
-0.000279722
-0.00028024
-0.000280758
-0.000281275
-0.000281793
-0.000282311
-0.000282829
-0.000283346
-0.000283864
-0.000284382
-0.0002849
-0.000285418
-0.000285935
-0.000286453
-0.000286971
-0.000287489
-0.000288006
-0.000288524
-0.000289042
-0.00028956
-0.000290078
-0.000290595
-0.000291113
-0.000291631
-0.000292149
-0.000292666
-0.000293184
-0.000293702
-0.00029422
-0.000294738
-0.000295255
-0.000295773
-0.000296291
-0.000296809
-0.000297327
-0.000297844
-0.000298362
-0.00029888
-0.000299398
-0.000299916
-0.000300433
-0.000300951
-0.000301469
-0.000301987
-0.000302504
-0.000303022
-0.00030354
-0.000304058
-0.000304576
-0.000305093
-0.000305611
-0.000306129
-0.000306647
-0.000307165
-0.000307682
-0.0003082
-0.000308718
-0.000309236
-0.000309754
-0.000310271
-0.000310789
-0.000311307
-0.000311825
-0.000312343
-0.000312861
-0.000313378
-0.000313896
-0.000314414
-0.000314932
-0.00031545
-0.000315967
-0.000316485
-0.000317003
-0.000317521
-0.000318039
-0.000318556
-0.000319074
-0.000319592
-0.00032011
-0.000320628
-0.000321145
-0.000321663
-0.000322181
-0.000322699
-0.000323217
-0.000323735
-0.000324252
-0.00032477
-0.000325288
-0.000325806
-0.000326324
-0.000326841
-0.000327359
-0.000327877
-0.000328395
-0.000328913
-0.000329431
-0.000329948
-0.000330466
-0.000330986
-0.000331458
-0.000331946
-0.000332433
-0.00033292
-0.000333407
-0.000333894
-0.00033438
-0.000334866
-0.000335352
-0.000327483
-0.000319614
-0.000311745
-0.000303876
-0.000296007
-0.000288138
-0.000280269
-0.0002724
-0.000264531
-0.000256662
-0.000248793
-0.000240925
-0.000233056
-0.000225187
-0.000217318
-0.000209449
-0.00020158
-0.000193711
-0.000185842
-0.000177974
-0.000170105
-0.000162236
-0.000154367
-0.000146498
-0.000138629
-0.00013076
-0.000122892
-0.000115023
-0.000107154
-9.92853e-05
-9.14165e-05
-8.35477e-05
-7.56789e-05
-6.78102e-05
-5.99414e-05
-5.20726e-05
-4.42039e-05
-3.63351e-05
-2.84664e-05
-2.05977e-05
-1.2729e-05
-4.86024e-06
1.3509e-06
4.79911e-06
8.24732e-06
1.16955e-05
1.51437e-05
1.85919e-05
2.20401e-05
2.54883e-05
2.89365e-05
3.23847e-05
3.58329e-05
3.92811e-05
4.27292e-05
4.61774e-05
4.96256e-05
5.30738e-05
5.65219e-05
5.99701e-05
6.34182e-05
6.68664e-05
7.03145e-05
7.37627e-05
7.72108e-05
8.0659e-05
8.41071e-05
8.75553e-05
9.10034e-05
9.44515e-05
9.78997e-05
0.000101348
0.000104796
0.000108244
0.000111692
0.00011514
0.000118588
0.000122036
0.000125485
0.000128933
0.000132381
0.000135829
0.000139277
0.000142725
0.000146173
0.000149621
0.000153069
0.000156517
0.000159965
0.000163413
0.000166862
0.00017031
0.000173758
0.000177206
0.000180654
0.000184102
0.00018755
0.000190998
0.000194446
0.000197894
0.000201342
0.00020479
0.000208238
0.000211686
0.000215134
0.000218582
0.00022203
0.000225478
0.000228926
0.000232374
0.000235822
0.00023927
0.000242718
0.000246166
0.000249614
0.000251799
0.000252315
0.000252832
0.000253348
0.000253864
0.00025438
0.000254897
0.000255413
0.000255929
0.000256446
0.000256962
0.000257478
0.000257995
0.000258511
0.000259027
0.000259543
0.00026006
0.000260576
0.000261092
0.000261609
0.000262125
0.000262641
0.000263157
0.000263674
0.00026419
0.000264706
0.000265223
0.000265739
0.000266255
0.000266771
0.000267288
0.000267804
0.00026832
0.000268837
0.000269353
0.000269869
0.000270385
0.000270902
0.000271418
0.000271934
0.000272451
0.000272967
0.000273483
0.000273999
0.000274516
0.000275032
0.000275548
0.000276064
0.000276581
0.000277097
0.000277613
0.00027813
0.000278646
0.000279162
0.000279678
0.000280195
0.000280711
0.000281227
0.000281743
0.00028226
0.000282776
0.000283292
0.000283809
0.000284325
0.000284841
0.000285357
0.000285874
0.00028639
0.000286906
0.000287422
0.000287939
0.000288455
0.000288971
0.000289487
0.000290004
0.00029052
0.000291036
0.000291552
0.000292069
0.000292585
0.000293101
0.000293618
0.000294134
0.00029465
0.000295166
0.000295683
0.000296199
0.000296715
0.000297231
0.000297748
0.000298264
0.00029878
0.000299296
0.000299813
0.000300329
0.000300845
0.000301361
0.000301878
0.000302394
0.00030291
0.000303426
0.000303943
0.000304459
0.000304975
0.000305491
0.000306007
0.000306524
0.00030704
0.000307556
0.000308072
0.000308589
0.000309105
0.000309621
0.000310137
0.000310654
0.00031117
0.000311686
0.000312202
0.000312719
0.000313235
0.000313751
0.000314267
0.000314784
0.0003153
0.000315816
0.000316332
0.000316848
0.000317365
0.000317881
0.000318397
0.000318913
0.00031943
0.000319946
0.000320462
0.000320978
0.000321495
0.000322011
0.000322527
0.000323043
0.000323559
0.000324076
0.000324592
0.000325108
0.000325624
0.000326141
0.000326657
0.000327173
0.000327689
0.000328205
0.000328722
0.000329238
0.000329754
0.00033027
0.000330784
0.000331307
0.000331826
0.000332346
0.000332866
0.000333386
0.000333906
0.000334427
0.000334948
0.000335469
0.0003276
0.000319731
0.000311862
0.000303993
0.000296124
0.000288255
0.000280386
0.000272517
0.000264648
0.000256779
0.00024891
0.000241041
0.000233172
0.000225303
0.000217434
0.000209565
0.000201696
0.000193827
0.000185958
0.000178089
0.00017022
0.000162351
0.000154482
0.000146612
0.000138743
0.000130874
0.000123005
0.000115136
0.000107267
9.93979e-05
9.15287e-05
8.36596e-05
7.57905e-05
6.79213e-05
6.00522e-05
5.2183e-05
4.43139e-05
3.64447e-05
2.85755e-05
2.07063e-05
1.28372e-05
4.96796e-06
-1.23848e-06
-4.68755e-06
-8.13663e-06
-1.15857e-05
-1.50348e-05
-1.84839e-05
-2.1933e-05
-2.53821e-05
-2.88312e-05
-3.22803e-05
-3.57294e-05
-3.91785e-05
-4.26276e-05
-4.60767e-05
-4.95258e-05
-5.2975e-05
-5.64241e-05
-5.98732e-05
-6.33223e-05
-6.67715e-05
-7.02206e-05
-7.36698e-05
-7.71189e-05
-8.0568e-05
-8.40172e-05
-8.74663e-05
-9.09155e-05
-9.43647e-05
-9.78138e-05
-0.000101263
-0.000104712
-0.000108161
-0.00011161
-0.00011506
-0.000118509
-0.000121958
-0.000125407
-0.000128856
-0.000132306
-0.000135755
-0.000139204
-0.000142653
-0.000146102
-0.000149552
-0.000153001
-0.00015645
-0.000159899
-0.000163348
-0.000166798
-0.000170247
-0.000173696
-0.000177145
-0.000180595
-0.000184044
-0.000187493
-0.000190942
-0.000194392
-0.000197841
-0.00020129
-0.000204739
-0.000208189
-0.000211638
-0.000215087
-0.000218536
-0.000221986
-0.000225435
-0.000228884
-0.000232334
-0.000235783
-0.000239232
-0.000242681
-0.000246131
-0.00024958
-0.000251763
-0.000252281
-0.000252799
-0.000253316
-0.000253834
-0.000254352
-0.00025487
-0.000255388
-0.000255905
-0.000256423
-0.000256941
-0.000257459
-0.000257976
-0.000258494
-0.000259012
-0.00025953
-0.000260047
-0.000260565
-0.000261083
-0.000261601
-0.000262118
-0.000262636
-0.000263154
-0.000263672
-0.000264189
-0.000264706
-0.000265223
-0.00026574
-0.000266258
-0.000266775
-0.000267292
-0.000267809
-0.000268326
-0.000268843
-0.00026936
-0.000269878
-0.000270395
-0.000270912
-0.000271429
-0.000271946
-0.000272463
-0.000272981
-0.000273498
-0.000274015
-0.000274532
-0.000275049
-0.000275566
-0.000276084
-0.000276601
-0.000277118
-0.000277635
-0.000278152
-0.000278669
-0.000279187
-0.000279704
-0.000280221
-0.000280738
-0.000281255
-0.000281772
-0.00028229
-0.000282807
-0.000283324
-0.000283841
-0.000284358
-0.000284875
-0.000285393
-0.00028591
-0.000286427
-0.000286944
-0.000287461
-0.000287978
-0.000288496
-0.000289013
-0.00028953
-0.000290047
-0.000290564
-0.000291082
-0.000291599
-0.000292116
-0.000292633
-0.00029315
-0.000293667
-0.000294185
-0.000294702
-0.000295219
-0.000295736
-0.000296253
-0.000296771
-0.000297288
-0.000297805
-0.000298322
-0.000298839
-0.000299357
-0.000299874
-0.000300391
-0.000300908
-0.000301425
-0.000301942
-0.00030246
-0.000302977
-0.000303494
-0.000304011
-0.000304528
-0.000305046
-0.000305563
-0.00030608
-0.000306597
-0.000307114
-0.000307632
-0.000308149
-0.000308666
-0.000309183
-0.0003097
-0.000310218
-0.000310735
-0.000311252
-0.000311769
-0.000312286
-0.000312804
-0.000313321
-0.000313838
-0.000314355
-0.000314872
-0.00031539
-0.000315907
-0.000316424
-0.000316941
-0.000317458
-0.000317976
-0.000318493
-0.00031901
-0.000319527
-0.000320044
-0.000320562
-0.000321079
-0.000321596
-0.000322113
-0.000322631
-0.000323148
-0.000323665
-0.000324182
-0.000324699
-0.000325217
-0.000325734
-0.000326251
-0.000326768
-0.000327285
-0.000327803
-0.00032832
-0.000328837
-0.000329354
-0.000329872
-0.000330389
-0.000330908
-0.000331379
-0.000331866
-0.000332353
-0.000332839
-0.000333325
-0.000333811
-0.000334297
-0.000334783
-0.000335268
-0.000336188
-0.00033665
-0.000337139
-0.000337628
-0.000338116
-0.000338605
-0.000339094
-0.000339582
-0.000340071
-0.00034056
-0.000341048
-0.000341537
-0.000342026
-0.000342514
-0.000343003
-0.000343492
-0.00034398
-0.000344469
-0.000344958
-0.000345446
-0.000345935
-0.000346424
-0.000346912
-0.000347401
-0.00034789
-0.000348378
-0.000348867
-0.000349355
-0.000341497
-0.000333639
-0.00032578
-0.000317922
-0.000310063
-0.000302205
-0.000294347
-0.000286488
-0.00027863
-0.000270771
-0.000262913
-0.000255055
-0.000247196
-0.000239338
-0.00023148
-0.000223621
-0.000215763
-0.000207905
-0.000200046
-0.000192188
-0.00018433
-0.000176472
-0.000168613
-0.000160755
-0.000152897
-0.000145038
-0.00013718
-0.000129322
-0.000121464
-0.000113605
-0.000105747
-9.7889e-05
-9.00308e-05
-8.21726e-05
-7.43144e-05
-6.64562e-05
-5.8598e-05
-5.07398e-05
-4.28816e-05
-3.50234e-05
-2.71652e-05
-1.93071e-05
-1.14489e-05
-3.59078e-06
1.86281e-06
5.1827e-06
8.50256e-06
1.18224e-05
1.51423e-05
1.84622e-05
2.1782e-05
2.51019e-05
2.84217e-05
3.17416e-05
3.50615e-05
3.83813e-05
4.17011e-05
4.5021e-05
4.83408e-05
5.16607e-05
5.49805e-05
5.83003e-05
6.16201e-05
6.494e-05
6.82598e-05
7.15796e-05
7.48994e-05
7.82192e-05
8.1539e-05
8.48588e-05
8.81786e-05
9.14984e-05
9.48182e-05
9.8138e-05
0.000101458
0.000104778
0.000108097
0.000111417
0.000114737
0.000118057
0.000121376
0.000124696
0.000128016
0.000131336
0.000134656
0.000137975
0.000141295
0.000144615
0.000147935
0.000151254
0.000154574
0.000157894
0.000161214
0.000164533
0.000167853
0.000171173
0.000174492
0.000177812
0.000181132
0.000184452
0.000187771
0.000191091
0.000194411
0.00019773
0.00020105
0.00020437
0.000207689
0.000211009
0.000214329
0.000217649
0.000220968
0.000224288
0.000227608
0.000230927
0.000234247
0.000237567
0.000240886
0.000244206
0.000247526
0.000250845
0.000251982
0.000252473
0.000252964
0.000253454
0.000253945
0.000254436
0.000254926
0.000255417
0.000255908
0.000256398
0.000256889
0.00025738
0.00025787
0.000258361
0.000258852
0.000259342
0.000259833
0.000260324
0.000260814
0.000261305
0.000261796
0.000262286
0.000262777
0.000263268
0.000263758
0.000264249
0.00026474
0.00026523
0.000265721
0.000266212
0.000266702
0.000267193
0.000267684
0.000268174
0.000268665
0.000269156
0.000269646
0.000270137
0.000270628
0.000271118
0.000271609
0.0002721
0.00027259
0.000273081
0.000273572
0.000274062
0.000274553
0.000275044
0.000275534
0.000276025
0.000276516
0.000277006
0.000277497
0.000277988
0.000278478
0.000278969
0.00027946
0.00027995
0.000280441
0.000280932
0.000281422
0.000281913
0.000282404
0.000282894
0.000283385
0.000283876
0.000284366
0.000284857
0.000285347
0.000285838
0.000286329
0.000286819
0.00028731
0.000287801
0.000288291
0.000288782
0.000289273
0.000289763
0.000290254
0.000290745
0.000291235
0.000291726
0.000292216
0.000292707
0.000293198
0.000293688
0.000294179
0.00029467
0.00029516
0.000295651
0.000296142
0.000296632
0.000297123
0.000297613
0.000298104
0.000298595
0.000299085
0.000299576
0.000300067
0.000300557
0.000301048
0.000301539
0.000302029
0.00030252
0.00030301
0.000303501
0.000303992
0.000304482
0.000304973
0.000305464
0.000305954
0.000306445
0.000306935
0.000307426
0.000307917
0.000308407
0.000308898
0.000309389
0.000309879
0.00031037
0.00031086
0.000311351
0.000311842
0.000312332
0.000312823
0.000313314
0.000313804
0.000314295
0.000314785
0.00031527
0.000315763
0.000316252
0.000316741
0.00031723
0.00031772
0.00031821
0.0003187
0.00031919
0.000319681
0.000320171
0.000320663
0.000321154
0.000321576
0.000321891
0.000322206
0.000322521
0.000322836
0.000323151
0.000323466
0.000323781
0.000324096
0.000324411
0.000324726
0.000325041
0.000325357
0.000325672
0.000325987
0.000326302
0.000326617
0.000326932
0.000327247
0.000327562
0.000327877
0.000328192
0.000328507
0.000328822
0.000329137
0.000329452
0.000329767
0.000330082
0.000330397
0.000330713
0.000331028
0.000331343
0.000331658
0.000331973
0.000332288
0.000332603
0.000332918
0.000333233
0.000333548
0.000333863
0.000334178
0.000334494
0.000334809
0.000335124
0.000335439
0.000335894
0.000336383
0.000336871
0.00033736
0.000337849
0.000338338
0.000338827
0.000339316
0.000339805
0.000340293
0.000340782
0.000341271
0.00034176
0.000342249
0.000342738
0.000343227
0.000343716
0.000344205
0.000344693
0.000345182
0.000345671
0.00034616
0.000346649
0.000347138
0.000347627
0.000348116
0.000348605
0.000340748
0.000332891
0.000325034
0.000317177
0.000309321
0.000301464
0.000293607
0.00028575
0.000277893
0.000270036
0.00026218
0.000254323
0.000246466
0.000238609
0.000230752
0.000222895
0.000215038
0.000207182
0.000199325
0.000191468
0.000183611
0.000175754
0.000167897
0.00016004
0.000152183
0.000144326
0.000136469
0.000128612
0.000120755
0.000112898
0.000105041
9.71845e-05
8.93275e-05
8.14705e-05
7.36135e-05
6.57565e-05
5.78995e-05
5.00425e-05
4.21854e-05
3.43284e-05
2.64714e-05
1.86143e-05
1.07573e-05
2.90024e-06
-2.02371e-06
-5.3278e-06
-8.63189e-06
-1.1936e-05
-1.52401e-05
-1.85442e-05
-2.18483e-05
-2.51524e-05
-2.84565e-05
-3.17606e-05
-3.50647e-05
-3.83689e-05
-4.1673e-05
-4.49771e-05
-4.82812e-05
-5.15854e-05
-5.48895e-05
-5.81936e-05
-6.14978e-05
-6.48019e-05
-6.81061e-05
-7.14102e-05
-7.47144e-05
-7.80185e-05
-8.13227e-05
-8.46268e-05
-8.7931e-05
-9.12352e-05
-9.45394e-05
-9.78435e-05
-0.000101148
-0.000104452
-0.000107756
-0.00011106
-0.000114364
-0.000117669
-0.000120973
-0.000124277
-0.000127581
-0.000130885
-0.00013419
-0.000137494
-0.000140798
-0.000144102
-0.000147406
-0.000150711
-0.000154015
-0.000157319
-0.000160623
-0.000163928
-0.000167232
-0.000170536
-0.00017384
-0.000177145
-0.000180449
-0.000183753
-0.000187057
-0.000190362
-0.000193666
-0.00019697
-0.000200274
-0.000203579
-0.000206883
-0.000210187
-0.000213491
-0.000216796
-0.0002201
-0.000223404
-0.000226709
-0.000230013
-0.000233317
-0.000236622
-0.000239926
-0.00024323
-0.000246534
-0.000249839
-0.000253143
-0.000256447
-0.000259752
-0.000262205
-0.000262694
-0.000263184
-0.000263673
-0.000264162
-0.000264652
-0.000265141
-0.00026563
-0.00026612
-0.000266609
-0.000267098
-0.000267588
-0.000268077
-0.000268567
-0.000269056
-0.000269545
-0.000270035
-0.000270524
-0.000271013
-0.000271503
-0.000271992
-0.000272481
-0.000272971
-0.00027346
-0.00027395
-0.000274439
-0.000274928
-0.000275418
-0.000275907
-0.000276396
-0.000276886
-0.000277375
-0.000277865
-0.000278354
-0.000278843
-0.000279333
-0.000279822
-0.000280311
-0.000280801
-0.00028129
-0.00028178
-0.000282269
-0.000282758
-0.000283248
-0.000283737
-0.000284226
-0.000284716
-0.000285205
-0.000285695
-0.000286184
-0.000286673
-0.000287163
-0.000287652
-0.000288141
-0.000288631
-0.00028912
-0.00028961
-0.000290099
-0.000290588
-0.000291078
-0.000291567
-0.000292057
-0.000292546
-0.000293035
-0.000293525
-0.000294014
-0.000294504
-0.000294993
-0.000295482
-0.000295972
-0.000296461
-0.00029695
-0.00029744
-0.000297929
-0.000298419
-0.000298908
-0.000299397
-0.000299887
-0.000300376
-0.000300866
-0.000301355
-0.000301844
-0.000302334
-0.000302823
-0.000303313
-0.000303802
-0.000304291
-0.000304781
-0.00030527
-0.00030576
-0.000306249
-0.000306738
-0.000307228
-0.000307717
-0.000308207
-0.000308696
-0.000309185
-0.000309675
-0.000310164
-0.000310654
-0.000311143
-0.000311632
-0.000312122
-0.000312609
-0.000313079
-0.000313549
-0.000314018
-0.000314487
-0.000314956
-0.000315424
-0.000315893
-0.000316361
-0.000316829
-0.000317296
-0.000317764
-0.000318231
-0.000318698
-0.000319109
-0.000319421
-0.000319733
-0.000320045
-0.000320356
-0.000320668
-0.00032098
-0.000321292
-0.000321604
-0.000321916
-0.000322227
-0.000322539
-0.000322851
-0.000323163
-0.000323475
-0.000323787
-0.000324098
-0.00032441
-0.000324722
-0.000325034
-0.000325346
-0.000325658
-0.000325969
-0.000326281
-0.000326593
-0.000326905
-0.000327217
-0.000327529
-0.00032784
-0.000328152
-0.000328464
-0.000328776
-0.000329088
-0.000329399
-0.000329711
-0.000330023
-0.000330335
-0.000330647
-0.000330958
-0.00033127
-0.000331582
-0.000331894
-0.000332205
-0.000332517
-0.000332829
-0.000333141
-0.000333453
-0.000333764
-0.000334076
-0.000334388
-0.0003347
-0.000335011
-0.000335323
-0.000335635
-0.000335947
-0.000336258
-0.00033657
-0.000336882
-0.000337194
-0.000337506
-0.000337817
-0.000338129
-0.000338441
-0.000338753
-0.000339064
-0.000339376
-0.000339688
-0.000339999
-0.000340311
-0.000340623
-0.000340935
-0.000341246
-0.000341558
-0.00034187
-0.000342182
-0.000342493
-0.000342805
-0.000343117
-0.000343428
-0.00034374
-0.000344052
-0.000344364
-0.000344675
-0.000344987
-0.000345299
-0.00034561
-0.000345922
-0.000346234
-0.000346546
-0.000346857
-0.000347169
-0.000347481
-0.000347792
-0.000348104
-0.00034025
-0.000332395
-0.000324541
-0.000316687
-0.000308832
-0.000300978
-0.000293124
-0.000285269
-0.000277415
-0.000269561
-0.000261706
-0.000253852
-0.000245998
-0.000238143
-0.000230289
-0.000222435
-0.000214581
-0.000206726
-0.000198872
-0.000191018
-0.000183164
-0.000175309
-0.000167455
-0.000159601
-0.000151747
-0.000143893
-0.000136038
-0.000128184
-0.00012033
-0.000112476
-0.000104622
-9.67675e-05
-8.89133e-05
-8.10591e-05
-7.3205e-05
-6.53509e-05
-5.74967e-05
-4.96426e-05
-4.17885e-05
-3.39343e-05
-2.60802e-05
-1.82261e-05
-1.0372e-05
-2.51794e-06
2.31758e-06
5.63887e-06
8.96016e-06
1.22814e-05
1.56027e-05
1.8924e-05
2.22453e-05
2.55666e-05
2.88878e-05
3.22091e-05
3.55304e-05
3.88516e-05
4.21729e-05
4.54941e-05
4.88154e-05
5.21366e-05
5.54579e-05
5.87791e-05
6.21004e-05
6.54216e-05
6.87428e-05
7.20641e-05
7.53853e-05
7.87065e-05
8.20277e-05
8.5349e-05
8.86702e-05
9.19914e-05
9.53126e-05
9.86338e-05
0.000101955
0.000105276
0.000108597
0.000111919
0.00011524
0.000118561
0.000121882
0.000125203
0.000128525
0.000131846
0.000135167
0.000138488
0.000141809
0.00014513
0.000148452
0.000151773
0.000155094
0.000158415
0.000161736
0.000165057
0.000168378
0.0001717
0.000175021
0.000178342
0.000181663
0.000184984
0.000188305
0.000191626
0.000194948
0.000198269
0.00020159
0.000204911
0.000208232
0.000211553
0.000214874
0.000218195
0.000221516
0.000224837
0.000228159
0.00023148
0.000234801
0.000238122
0.000241443
0.000244764
0.000248085
0.000251406
0.000254727
0.000258048
0.000261369
0.000261897
0.000262389
0.00026288
0.000263371
0.000263862
0.000264353
0.000264844
0.000265335
0.000265826
0.000266317
0.000266808
0.000267299
0.00026779
0.000268281
0.000268772
0.000269263
0.000269755
0.000270246
0.000270737
0.000271228
0.000271719
0.00027221
0.000272701
0.000273192
0.000273683
0.000274174
0.000274665
0.000275156
0.000275647
0.000276138
0.000276629
0.00027712
0.000277611
0.000278102
0.000278594
0.000279085
0.000279576
0.000280067
0.000280558
0.000281049
0.00028154
0.000282031
0.000282522
0.000283013
0.000283504
0.000283995
0.000284486
0.000284977
0.000285468
0.000285959
0.00028645
0.000286941
0.000287432
0.000287923
0.000288414
0.000288905
0.000289397
0.000289888
0.000290379
0.00029087
0.000291361
0.000291852
0.000292343
0.000292834
0.000293325
0.000293816
0.000294307
0.000294798
0.000295289
0.00029578
0.000296271
0.000296762
0.000297253
0.000297744
0.000298235
0.000298726
0.000299217
0.000299708
0.000300199
0.00030069
0.000301181
0.000301672
0.000302163
0.000302654
0.000303145
0.000303636
0.000304127
0.000304619
0.00030511
0.000305601
0.000306092
0.000306583
0.000307074
0.000307565
0.000308056
0.000308547
0.000309038
0.000309523
0.00031001
0.000310496
0.000310982
0.000311468
0.000311955
0.000312441
0.000312928
0.000313416
0.000313903
0.000314391
0.000314879
0.000315367
0.000315836
0.00031615
0.000316464
0.000316778
0.000317092
0.000317406
0.000317719
0.000318033
0.000318347
0.000318661
0.000318975
0.000319289
0.000319603
0.000319917
0.000320231
0.000320545
0.000320859
0.000321173
0.000321487
0.000321801
0.000322115
0.000322429
0.000322743
0.000323057
0.000323371
0.000323685
0.000323999
0.000324313
0.000324627
0.000324941
0.000325255
0.000325569
0.000325883
0.000326197
0.000326511
0.000326825
0.000327139
0.000327453
0.000327767
0.000328081
0.000328395
0.000328709
0.000329023
0.000329337
0.000329651
0.000329965
0.000330279
0.000330593
0.000330907
0.000331221
0.000331535
0.000331849
0.000332163
0.000332477
0.000332791
0.000333105
0.000333419
0.000333733
0.000334047
0.000334361
0.000334675
0.000334989
0.000335303
0.000335617
0.000335931
0.000336245
0.000336559
0.000336873
0.000337187
0.000337502
0.000337816
0.00033813
0.000338444
0.000338758
0.000339072
0.000339386
0.0003397
0.000340014
0.000340328
0.000340642
0.000340956
0.00034127
0.000341584
0.000341899
0.000342213
0.000342527
0.000342841
0.000343155
0.000343469
0.000343783
0.000344097
0.000344411
0.000344725
0.00034504
0.000345354
0.000345668
0.000345982
0.000346296
0.00034661
0.000346924
0.000347238
0.000339386
0.000331533
0.000323681
0.000315829
0.000307976
0.000300124
0.000292271
0.000284419
0.000276566
0.000268714
0.000260861
0.000253009
0.000245156
0.000237304
0.000229451
0.000221599
0.000213746
0.000205894
0.000198041
0.000190189
0.000182336
0.000174484
0.000166631
0.000158779
0.000150926
0.000143074
0.000135221
0.000127368
0.000119516
0.000111663
0.000103811
9.5958e-05
8.81054e-05
8.02528e-05
7.24002e-05
6.45475e-05
5.66949e-05
4.88423e-05
4.09896e-05
3.3137e-05
2.52843e-05
1.74316e-05
9.57896e-06
1.72628e-06
-2.53693e-06
-5.86763e-06
-9.19833e-06
-1.2529e-05
-1.58597e-05
-1.91905e-05
-2.25212e-05
-2.58519e-05
-2.91826e-05
-3.25133e-05
-3.58441e-05
-3.91748e-05
-4.25055e-05
-4.58363e-05
-4.9167e-05
-5.24977e-05
-5.58285e-05
-5.91592e-05
-6.249e-05
-6.58207e-05
-6.91515e-05
-7.24822e-05
-7.5813e-05
-7.91438e-05
-8.24745e-05
-8.58053e-05
-8.91361e-05
-9.24669e-05
-9.57976e-05
-9.91284e-05
-0.000102459
-0.00010579
-0.000109121
-0.000112452
-0.000115782
-0.000119113
-0.000122444
-0.000125775
-0.000129106
-0.000132436
-0.000135767
-0.000139098
-0.000142429
-0.00014576
-0.000149091
-0.000152421
-0.000155752
-0.000159083
-0.000162414
-0.000165745
-0.000169076
-0.000172406
-0.000175737
-0.000179068
-0.000182399
-0.00018573
-0.000189061
-0.000192392
-0.000195722
-0.000199053
-0.000202384
-0.000205715
-0.000209046
-0.000212377
-0.000215708
-0.000219039
-0.00022237
-0.0002257
-0.000229031
-0.000232362
-0.000235693
-0.000239024
-0.000242355
-0.000245686
-0.000249017
-0.000252348
-0.000255679
-0.00025901
-0.000262098
-0.000262593
-0.000263088
-0.000263582
-0.000264077
-0.000264572
-0.000265067
-0.000265561
-0.000266056
-0.000266551
-0.000267046
-0.00026754
-0.000268035
-0.00026853
-0.000269025
-0.00026952
-0.000270014
-0.000270509
-0.000271004
-0.000271499
-0.000271993
-0.000272488
-0.000272983
-0.000273478
-0.000273972
-0.000274467
-0.000274962
-0.000275457
-0.000275952
-0.000276446
-0.000276941
-0.000277436
-0.000277931
-0.000278425
-0.00027892
-0.000279415
-0.00027991
-0.000280405
-0.000280899
-0.000281394
-0.000281889
-0.000282384
-0.000282878
-0.000283373
-0.000283868
