0
1.60988e-05
3.21976e-05
4.82964e-05
6.43952e-05
8.0494e-05
9.65929e-05
0.000112692
0.000128791
0.000144889
0.000160988
0.000144889
0.000128791
0.000112692
9.65929e-05
8.0494e-05
6.43952e-05
4.82964e-05
3.21976e-05
1.60988e-05
1.98695e-21
-1.60988e-05
-3.21976e-05
-4.82964e-05
-6.43952e-05
-8.0494e-05
-9.65928e-05
-0.000112692
-0.00012879
-0.000144889
-0.000160988
-0.000144889
-0.00012879
-0.000112692
-9.65928e-05
-8.0494e-05
-6.43952e-05
-4.82964e-05
-3.21976e-05
-1.60988e-05
-1.81292e-20
1.60988e-05
3.21976e-05
4.82964e-05
6.43952e-05
8.0494e-05
9.65929e-05
0.000112692
0.000128791
0.000144889
0.000160988
0.000144889
0.000128791
0.000112692
9.65929e-05
8.0494e-05
6.43952e-05
4.82964e-05
3.21976e-05
1.60988e-05
-2.83944e-20
-1.60988e-05
-3.21976e-05
-4.82964e-05
-6.43952e-05
-8.0494e-05
-9.65928e-05
-0.000112692
-0.00012879
-0.000144889
-0.000160988
-0.000144889
-0.00012879
-0.000112692
-9.65928e-05
-8.0494e-05
-6.43952e-05
-4.82964e-05
-3.21976e-05
-1.60988e-05
-1.48574e-20
1.60988e-05
3.21976e-05
4.82964e-05
6.43952e-05
8.0494e-05
9.65929e-05
0.000112692
0.000128791
0.000144889
0.000160988
0.000144889
0.000128791
0.000112692
9.65929e-05
8.0494e-05
6.43952e-05
4.82964e-05
3.21976e-05
1.60988e-05
-2.53999e-20
-1.60988e-05
-3.21976e-05
-4.82964e-05
-6.43952e-05
-8.0494e-05
-9.65928e-05
-0.000112692
-0.00012879
-0.000144889
-0.000160988
-0.000144889
-0.00012879
-0.000112692
-9.65928e-05
-8.0494e-05
-6.43952e-05
-4.82964e-05
-3.21976e-05
-1.60988e-05
-3.36603e-20
1.60988e-05
3.21976e-05
4.82964e-05
6.43952e-05
8.0494e-05
9.65929e-05
0.000112692
0.000128791
0.000144889
0.000160988
0.000144889
0.000128791
0.000112692
9.65929e-05
8.0494e-05
6.43952e-05
4.82964e-05
3.21976e-05
1.60988e-05
-3.66691e-20
-1.60988e-05
-3.21976e-05
-4.82964e-05
-6.43952e-05
-8.0494e-05
-9.65928e-05
-0.000112692
-0.00012879
-0.000144889
-0.000160988
-0.000144889
-0.00012879
-0.000112692
-9.65928e-05
-8.0494e-05
-6.43952e-05
-4.82964e-05
-3.21976e-05
-1.60988e-05
-1.8146e-20
1.60988e-05
3.21976e-05
4.82964e-05
6.43952e-05
8.0494e-05
9.65929e-05
0.000112692
0.000128791
0.000144889
0.000160988
0.000144889
0.000128791
0.000112692
9.65929e-05
8.0494e-05
6.43952e-05
4.82964e-05
3.21976e-05
1.60988e-05
-1.52365e-20
-1.60988e-05
-3.21976e-05
-4.82964e-05
-6.43952e-05
-8.0494e-05
-9.65928e-05
-0.000112692
-0.00012879
-0.000144889
-0.000160988
-0.000144889
-0.00012879
-0.000112692
-9.65928e-05
-8.0494e-05
-6.43952e-05
-4.82964e-05
-3.21976e-05
-1.60988e-05
-1.86052e-20
1.60988e-05
3.21976e-05
4.82964e-05
6.43952e-05
8.0494e-05
9.65929e-05
0.000112692
0.000128791
0.000144889
0.000160988
0.000144889
0.000128791
0.000112692
9.65929e-05
8.0494e-05
6.43952e-05
4.82964e-05
3.21976e-05
1.60988e-05
-2.02795e-20
-1.60988e-05
-3.21976e-05
-4.82964e-05
-6.43952e-05
-8.0494e-05
-9.65928e-05
-0.000112692
-0.00012879
-0.000144889
-0.000160988
-0.000144889
-0.00012879
-0.000112692
-9.65928e-05
-8.0494e-05
-6.43952e-05
-4.82964e-05
-3.21976e-05
-1.60988e-05
-3.69603e-20
1.65116e-05
3.30232e-05
4.95348e-05
6.60464e-05
8.2558e-05
9.90696e-05
0.000115581
0.000132093
0.000148604
0.000165116
0.000181628
0.000198139
0.000214651
0.000198139
0.000181628
0.000165116
0.000148604
0.000132093
0.000115581
9.90696e-05
8.2558e-05
6.60464e-05
4.95348e-05
3.30232e-05
1.65116e-05
-4.56594e-20
-1.65116e-05
-3.30232e-05
-4.95348e-05
-6.60464e-05
-8.2558e-05
-9.90695e-05
-0.000115581
-0.000132093
-0.000148604
-0.000165116
-0.000181627
-0.000198139
-0.000214651
-0.000198139
-0.000181627
-0.000165116
-0.000148604
-0.000132093
-0.000115581
-9.90695e-05
-8.2558e-05
-6.60464e-05
-4.95348e-05
-3.30232e-05
-1.65116e-05
-4.01398e-20
1.65116e-05
3.30232e-05
4.95348e-05
6.60464e-05
8.2558e-05
9.90696e-05
0.000115581
0.000132093
0.000148604
0.000165116
0.000181628
0.000198139
0.000214651
0.000198139
0.000181628
0.000165116
0.000148604
0.000132093
0.000115581
9.90696e-05
8.2558e-05
6.60464e-05
4.95348e-05
3.30232e-05
1.65116e-05
-2.90893e-20
-1.65116e-05
-3.30232e-05
-4.95348e-05
-6.60464e-05
-8.2558e-05
-9.90695e-05
-0.000115581
-0.000132093
-0.000148604
-0.000165116
-0.000181627
-0.000198139
-0.000214651
-0.000198139
-0.000181627
-0.000165116
-0.000148604
-0.000132093
-0.000115581
-9.90695e-05
-8.2558e-05
-6.60464e-05
-4.95348e-05
-3.30232e-05
-1.65116e-05
-2.73654e-20
1.65116e-05
3.30232e-05
4.95348e-05
6.60464e-05
8.2558e-05
9.90696e-05
0.000115581
0.000132093
0.000148604
0.000165116
0.000181628
0.000198139
0.000214651
0.000198139
0.000181628
0.000165116
0.000148604
0.000132093
0.000115581
9.90696e-05
8.2558e-05
6.60464e-05
4.95348e-05
3.30232e-05
1.65116e-05
-3.58673e-20
-1.65116e-05
-3.30232e-05
-4.95348e-05
-6.60464e-05
-8.2558e-05
-9.90695e-05
-0.000115581
-0.000132093
-0.000148604
-0.000165116
-0.000181627
-0.000198139
-0.000214651
-0.000198139
-0.000181627
-0.000165116
-0.000148604
-0.000132093
-0.000115581
-9.90695e-05
-8.2558e-05
-6.60464e-05
-4.95348e-05
-3.30232e-05
-1.65116e-05
-4.724e-20
1.65116e-05
3.30232e-05
4.95348e-05
6.60464e-05
8.2558e-05
9.90696e-05
0.000115581
0.000132093
0.000148604
0.000165116
0.000181628
0.000198139
0.000214651
0.000198139
0.000181628
0.000165116
0.000148604
0.000132093
0.000115581
9.90696e-05
8.2558e-05
6.60464e-05
4.95348e-05
3.30232e-05
1.65116e-05
-4.49983e-20
-1.65116e-05
-3.30232e-05
-4.95348e-05
-6.60464e-05
-8.2558e-05
-9.90695e-05
-0.000115581
-0.000132093
-0.000148604
-0.000165116
-0.000181627
-0.000198139
-0.000214651
-0.000198139
-0.000181627
-0.000165116
-0.000148604
-0.000132093
-0.000115581
-9.90695e-05
-8.2558e-05
-6.60464e-05
-4.95348e-05
-3.30232e-05
-1.65116e-05
-2.63734e-20
1.65116e-05
3.30232e-05
4.95348e-05
6.60464e-05
8.2558e-05
9.90696e-05
0.000115581
0.000132093
0.000148604
0.000165116
0.000181628
0.000198139
0.000214651
0.000198139
0.000181628
0.000165116
0.000148604
0.000132093
0.000115581
9.90696e-05
8.2558e-05
6.60464e-05
4.95348e-05
3.30232e-05
1.65116e-05
-3.13653e-20
-1.65116e-05
-3.30232e-05
-4.95348e-05
-6.60464e-05
-8.2558e-05
-9.90695e-05
-0.000115581
-0.000132093
-0.000148604
-0.000165116
-0.000181627
-0.000198139
-0.000214651
-0.000198139
-0.000181627
-0.000165116
-0.000148604
-0.000132093
-0.000115581
-9.90695e-05
-8.2558e-05
-6.60464e-05
-4.95348e-05
-3.30232e-05
-1.65116e-05
-2.64781e-20
1.65116e-05
3.30232e-05
4.95348e-05
6.60464e-05
8.2558e-05
9.90696e-05
0.000115581
0.000132093
0.000148604
0.000165116
0.000181628
0.000198139
0.000214651
0.000198139
0.000181628
0.000165116
0.000148604
0.000132093
0.000115581
9.90696e-05
8.2558e-05
6.60464e-05
4.95348e-05
3.30232e-05
1.65116e-05
-3.35123e-20
-1.65116e-05
-3.30232e-05
-4.95348e-05
-6.60464e-05
-8.2558e-05
-9.90695e-05
-0.000115581
-0.000132093
-0.000148604
-0.000165116
-0.000181627
-0.000198139
-0.000214651
-0.000198139
-0.000181627
-0.000165116
-0.000148604
-0.000132093
-0.000115581
-9.90695e-05
-8.2558e-05
-6.60464e-05
-4.95348e-05
-3.30232e-05
-1.65116e-05
-3.80002e-20
1.60988e-05
3.21976e-05
4.82964e-05
6.43952e-05
8.0494e-05
9.65929e-05
0.000112692
0.000128791
0.000144889
0.000160988
0.000177087
0.000193186
0.000209285
0.000225383
0.000241482
0.000257581
0.00027368
0.000289779
0.000305878
0.000321976
0.000305878
0.000289779
0.00027368
0.000257581
0.000241482
0.000225383
0.000209285
0.000193186
0.000177087
0.000160988
0.000144889
0.000128791
0.000112692
9.65929e-05
8.0494e-05
6.43952e-05
4.82964e-05
3.21976e-05
1.60988e-05
-7.4398e-20
-1.60988e-05
-3.21976e-05
-4.82964e-05
-6.43952e-05
-8.0494e-05
-9.65928e-05
-0.000112692
-0.00012879
-0.000144889
-0.000160988
-0.000177087
-0.000193186
-0.000209284
-0.000225383
-0.000241482
-0.000257581
-0.000273679
-0.000289778
-0.000305877
-0.000321976
-0.000305877
-0.000289778
-0.000273679
-0.000257581
-0.000241482
-0.000225383
-0.000209284
-0.000193186
-0.000177087
-0.000160988
-0.000144889
-0.00012879
-0.000112692
-9.65928e-05
-8.0494e-05
-6.43952e-05
-4.82964e-05
-3.21976e-05
-1.60988e-05
-6.61588e-20
1.60988e-05
3.21976e-05
4.82964e-05
6.43952e-05
8.0494e-05
9.65929e-05
0.000112692
0.000128791
0.000144889
0.000160988
0.000177087
0.000193186
0.000209285
0.000225383
0.000241482
0.000257581
0.00027368
0.000289779
0.000305878
0.000321976
0.000305878
0.000289779
0.00027368
0.000257581
0.000241482
0.000225383
0.000209285
0.000193186
0.000177087
0.000160988
0.000144889
0.000128791
0.000112692
9.65929e-05
8.0494e-05
6.43952e-05
4.82964e-05
3.21976e-05
1.60988e-05
-6.34886e-20
-1.60988e-05
-3.21976e-05
-4.82964e-05
-6.43952e-05
-8.0494e-05
-9.65928e-05
-0.000112692
-0.00012879
-0.000144889
-0.000160988
-0.000177087
-0.000193186
-0.000209284
-0.000225383
-0.000241482
-0.000257581
-0.000273679
-0.000289778
-0.000305877
-0.000321976
-0.000305877
-0.000289778
-0.000273679
-0.000257581
-0.000241482
-0.000225383
-0.000209284
-0.000193186
-0.000177087
-0.000160988
-0.000144889
-0.00012879
-0.000112692
-9.65928e-05
-8.0494e-05
-6.43952e-05
-4.82964e-05
-3.21976e-05
-1.60988e-05
3.58334e-21
1.60988e-05
3.21976e-05
4.82964e-05
6.43952e-05
8.0494e-05
9.65929e-05
0.000112692
0.000128791
0.000144889
0.000160988
0.000177087
0.000193186
0.000209285
0.000225383
0.000241482
0.000257581
0.00027368
0.000289779
0.000305878
0.000321976
0.000305878
0.000289779
0.00027368
0.000257581
0.000241482
0.000225383
0.000209285
0.000193186
0.000177087
0.000160988
0.000144889
0.000128791
0.000112692
9.65929e-05
8.0494e-05
6.43952e-05
4.82964e-05
3.21976e-05
1.60988e-05
2.4969e-20
-1.60988e-05
-3.21976e-05
-4.82964e-05
-6.43952e-05
-8.0494e-05
-9.65928e-05
-0.000112692
-0.00012879
-0.000144889
-0.000160988
-0.000177087
-0.000193186
-0.000209284
-0.000225383
-0.000241482
-0.000257581
-0.000273679
-0.000289778
-0.000305877
-0.000321976
-0.000305877
-0.000289778
-0.000273679
-0.000257581
-0.000241482
-0.000225383
-0.000209284
-0.000193186
-0.000177087
-0.000160988
-0.000144889
-0.00012879
-0.000112692
-9.65928e-05
-8.0494e-05
-6.43952e-05
-4.82964e-05
-3.21976e-05
-1.60988e-05
3.00107e-20
1.60988e-05
3.21976e-05
4.82964e-05
6.43952e-05
8.0494e-05
9.65929e-05
0.000112692
0.000128791
0.000144889
0.000160988
0.000177087
0.000193186
0.000209285
0.000225383
0.000241482
0.000257581
0.00027368
0.000289779
0.000305878
0.000321976
0.000305878
0.000289779
0.00027368
0.000257581
0.000241482
0.000225383
0.000209285
0.000193186
0.000177087
0.000160988
0.000144889
0.000128791
0.000112692
9.65929e-05
8.0494e-05
6.43952e-05
4.82964e-05
3.21976e-05
1.60988e-05
-2.01319e-20
-1.60988e-05
-3.21976e-05
-4.82964e-05
-6.43952e-05
-8.0494e-05
-9.65928e-05
-0.000112692
-0.00012879
-0.000144889
-0.000160988
-0.000177087
-0.000193186
-0.000209284
-0.000225383
-0.000241482
-0.000257581
-0.000273679
-0.000289778
-0.000305877
-0.000321976
-0.000305877
-0.000289778
-0.000273679
-0.000257581
-0.000241482
-0.000225383
-0.000209284
-0.000193186
-0.000177087
-0.000160988
-0.000144889
-0.00012879
-0.000112692
-9.65928e-05
-8.0494e-05
-6.43952e-05
-4.82964e-05
-3.21976e-05
-1.60988e-05
-4.07916e-20
1.60988e-05
3.21976e-05
4.82964e-05
6.43952e-05
8.0494e-05
9.65929e-05
0.000112692
0.000128791
0.000144889
0.000160988
0.000177087
0.000193186
0.000209285
0.000225383
0.000241482
0.000257581
0.00027368
0.000289779
0.000305878
0.000321976
0.000305878
0.000289779
0.00027368
0.000257581
0.000241482
0.000225383
0.000209285
0.000193186
0.000177087
0.000160988
0.000144889
0.000128791
0.000112692
9.65929e-05
8.0494e-05
6.43952e-05
4.82964e-05
3.21976e-05
1.60988e-05
-1.94805e-20
-1.60988e-05
-3.21976e-05
-4.82964e-05
-6.43952e-05
-8.0494e-05
-9.65928e-05
-0.000112692
-0.00012879
-0.000144889
-0.000160988
-0.000177087
-0.000193186
-0.000209284
-0.000225383
-0.000241482
-0.000257581
-0.000273679
-0.000289778
-0.000305877
-0.000321976
-0.000305877
-0.000289778
-0.000273679
-0.000257581
-0.000241482
-0.000225383
-0.000209284
-0.000193186
-0.000177087
-0.000160988
-0.000144889
-0.00012879
-0.000112692
-9.65928e-05
-8.0494e-05
-6.43952e-05
-4.82964e-05
-3.21976e-05
-1.60988e-05
6.24048e-21
1.60988e-05
3.21976e-05
4.82964e-05
6.43952e-05
8.0494e-05
9.65929e-05
0.000112692
0.000128791
0.000144889
0.000160988
0.000177087
0.000193186
0.000209285
0.000225383
0.000241482
0.000257581
0.00027368
0.000289779
0.000305878
0.000321976
0.000305878
0.000289779
0.00027368
0.000257581
0.000241482
0.000225383
0.000209285
0.000193186
0.000177087
0.000160988
0.000144889
0.000128791
0.000112692
9.65929e-05
8.0494e-05
6.43952e-05
4.82964e-05
3.21976e-05
1.60988e-05
-1.27139e-20
-1.60988e-05
-3.21976e-05
-4.82964e-05
-6.43952e-05
-8.0494e-05
-9.65928e-05
-0.000112692
-0.00012879
-0.000144889
-0.000160988
-0.000177087
-0.000193186
-0.000209284
-0.000225383
-0.000241482
-0.000257581
-0.000273679
-0.000289778
-0.000305877
-0.000321976
-0.000305877
-0.000289778
-0.000273679
-0.000257581
-0.000241482
-0.000225383
-0.000209284
-0.000193186
-0.000177087
-0.000160988
-0.000144889
-0.00012879
-0.000112692
-9.65928e-05
-8.0494e-05
-6.43952e-05
-4.82964e-05
-3.21976e-05
-1.60988e-05
4.95672e-22
1.59001e-05
3.18001e-05
4.77002e-05
6.36002e-05
7.95003e-05
9.54004e-05
0.0001113
0.0001272
0.000143101
0.000159001
0.000174901
0.000190801
0.000206701
0.000222601
0.000238501
0.000254401
0.000270301
0.000286201
0.000302101
0.000318001
0.000333813
0.000338905
0.000343997
0.000349089
0.000354181
0.000359273
0.000364364
0.000348464
0.000332564
0.000316664
0.000300764
0.000284864
0.000268964
0.000253064
0.000237164
0.000221264
0.000205364
0.000189464
0.000173563
0.000157663
0.000141763
0.000125863
0.000109963
9.40631e-05
7.8163e-05
6.2263e-05
4.63629e-05
3.04629e-05
1.45628e-05
-1.33726e-06
-1.72373e-05
-3.31374e-05
-4.90374e-05
-6.49375e-05
-8.08375e-05
-9.67375e-05
-0.000112638
-0.000128538
-0.000144438
-0.000160338
-0.000176238
-0.000192138
-0.000208038
-0.000223938
-0.000239838
-0.000255738
-0.000271638
-0.000284464
-0.000291516
-0.000298568
-0.00030562
-0.000312672
-0.000319724
-0.000326776
-0.000333812
-0.000338904
-0.000343996
-0.000349088
-0.00035418
-0.000359271
-0.000364363
-0.000348463
-0.000332563
-0.000316663
-0.000300763
-0.000284863
-0.000268963
-0.000253063
-0.000237163
-0.000221263
-0.000205363
-0.000189463
-0.000173563
-0.000157663
-0.000141763
-0.000125863
-0.000109963
-9.40627e-05
-7.81626e-05
-6.22626e-05
-4.63625e-05
-3.04625e-05
-1.45624e-05
1.33764e-06
1.72377e-05
3.31378e-05
4.90378e-05
6.49379e-05
8.08379e-05
9.6738e-05
0.000112638
0.000128538
0.000144438
0.000160338
0.000176238
0.000192138
0.000208039
0.000223939
0.000239839
0.000255739
0.000271639
0.000287539
0.000294737
0.000300539
0.000306341
0.000312144
0.000317946
0.000323748
0.000329551
0.000335353
0.000341155
0.000346957
0.00035276
0.000358562
0.000364364
0.000348464
0.000332564
0.000316664
0.000300764
0.000284864
0.000268964
0.000253064
0.000237164
0.000221264
0.000205364
0.000189464
0.000173563
0.000157663
0.000141763
0.000125863
0.000109963
9.40631e-05
7.8163e-05
6.2263e-05
4.63629e-05
3.04629e-05
1.45628e-05
-1.33726e-06
-1.72373e-05
-3.31374e-05
-4.90374e-05
-6.49375e-05
-8.08375e-05
-9.67375e-05
-0.000112638
-0.000128538
-0.000144438
-0.000160338
-0.000176238
-0.000192138
-0.000208038
-0.000223938
-0.000239838
-0.000255738
-0.000271638
-0.000287538
-0.000294736
-0.000300538
-0.000306341
-0.000312143
-0.000317945
-0.000323747
-0.00032955
-0.000335352
-0.000341154
-0.000346956
-0.000352759
-0.000358561
-0.000364363
-0.000348463
-0.000332563
-0.000316663
-0.000300763
-0.000284863
-0.000268963
-0.000253063
-0.000237163
-0.000221263
-0.000205363
-0.000189463
-0.000173563
-0.000157663
-0.000141763
-0.000125863
-0.000109963
-9.40627e-05
-7.81626e-05
-6.22626e-05
-4.63625e-05
-3.04625e-05
-1.45624e-05
1.33764e-06
1.72377e-05
3.31378e-05
4.90378e-05
6.49379e-05
8.08379e-05
9.6738e-05
0.000112638
0.000128538
0.000144438
0.000160338
0.000176238
0.000192138
0.000208039
0.000223939
0.000239839
0.000255739
0.000271639
0.000287539
0.000294737
0.000300539
0.000306341
0.000312144
0.000317946
0.000323748
0.000329551
0.000335353
0.000341155
0.000346957
0.00035276
0.000358562
0.000364364
0.000348464
0.000332564
0.000316664
0.000300764
0.000284864
0.000268964
0.000253064
0.000237164
0.000221264
0.000205364
0.000189464
0.000173563
0.000157663
0.000141763
0.000125863
0.000109963
9.40631e-05
7.8163e-05
6.2263e-05
4.63629e-05
3.04629e-05
1.45628e-05
-1.33726e-06
-1.72373e-05
-3.31374e-05
-4.90374e-05
-6.49375e-05
-8.08375e-05
-9.67375e-05
-0.000112638
-0.000128538
-0.000144438
-0.000160338
-0.000176238
-0.000192138
-0.000208038
-0.000223938
-0.000239838
-0.000255738
-0.000271638
-0.000287538
-0.000294736
-0.000300538
-0.000306341
-0.000312143
-0.000317945
-0.000323747
-0.00032955
-0.000335352
-0.000341154
-0.000346956
-0.000352759
-0.000358561
-0.000364363
-0.000348463
-0.000332563
-0.000316663
-0.000300763
-0.000284863
-0.000268963
-0.000253063
-0.000237163
-0.000221263
-0.000205363
-0.000189463
-0.000173563
-0.000157663
-0.000141763
-0.000125863
-0.000109963
-9.40627e-05
-7.81626e-05
-6.22626e-05
-4.63625e-05
-3.04625e-05
-1.45624e-05
1.33764e-06
1.72377e-05
3.31378e-05
4.90378e-05
6.49379e-05
8.08379e-05
9.6738e-05
0.000112638
0.000128538
0.000144438
0.000160338
0.000176238
0.000192138
0.000208039
0.000223939
0.000239839
0.000255739
0.000271639
0.000287539
0.000294737
0.000300539
0.000306341
0.000312144
0.000317946
0.000323748
0.000329551
0.000335353
0.000341155
0.000346957
0.00035276
0.000358562
0.000364364
0.000348464
0.000332564
0.000316664
0.000300764
0.000284864
0.000268964
0.000253064
0.000237164
0.000221264
0.000205364
0.000189464
0.000173563
0.000157663
0.000141763
0.000125863
0.000109963
9.40631e-05
7.8163e-05
6.2263e-05
4.63629e-05
3.04629e-05
1.45628e-05
-1.33726e-06
-1.72373e-05
-3.31374e-05
-4.90374e-05
-6.49375e-05
-8.08375e-05
-9.67375e-05
-0.000112638
-0.000128538
-0.000144438
-0.000160338
-0.000176238
-0.000192138
-0.000208038
-0.000223938
-0.000239838
-0.000255738
-0.000271638
-0.000287538
-0.000294736
-0.000300538
-0.000306341
-0.000312143
-0.000317945
-0.000323747
-0.00032955
-0.000335352
-0.000341154
-0.000346956
-0.000352759
-0.000358561
-0.000364363
-0.000348463
-0.000332563
-0.000316663
-0.000300763
-0.000284863
-0.000268963
-0.000253063
-0.000237163
-0.000221263
-0.000205363
-0.000189463
-0.000173563
-0.000157663
-0.000141763
-0.000125863
-0.000109963
-9.40627e-05
-7.81626e-05
-6.22626e-05
-4.63625e-05
-3.04625e-05
-1.45624e-05
1.33764e-06
1.72377e-05
3.31378e-05
4.90378e-05
6.49379e-05
8.0644e-05
9.63502e-05
0.000112056
0.000127763
0.000143469
0.000159175
0.000174881
0.000190587
0.000206293
0.000222
0.000237706
0.000253412
0.000269118
0.000284824
0.000293675
0.000299407
0.000305138
0.00031087
0.000316601
0.000322333
0.000328065
0.000333796
0.000339528
0.000345259
0.000350991
0.000356722
0.000362454
0.000367718
0.000372747
0.000377777
0.000382807
0.000387837
0.000392867
0.000397896
0.000402926
0.000407956
0.000412986
0.000418015
0.000423045
0.000428075
0.000433105
0.000417399
0.000401692
0.000385986
0.00037028
0.000354574
0.000338868
0.000323162
0.000307455
0.000291749
0.000276043
0.000260337
0.000244631
0.000228924
0.000213218
0.000197512
0.000181806
0.0001661
0.000150394
0.000134688
0.000118981
0.000103275
8.7569e-05
7.18629e-05
5.61567e-05
4.04506e-05
2.47444e-05
9.03827e-06
-6.48222e-06
-2.17511e-05
-3.70199e-05
-5.22888e-05
-6.75576e-05
-8.28265e-05
-9.80953e-05
-0.000113364
-0.000128633
-0.000143902
-0.000159171
-0.000174439
-0.000189708
-0.000204977
-0.000220246
-0.000235515
-0.000250784
-0.000266052
-0.000275373
-0.000279358
-0.000283343
-0.000287327
-0.000291312
-0.000295296
-0.000299281
-0.000303266
-0.00030725
-0.000311235
-0.00031522
-0.000319204
-0.000323189
-0.000327173
-0.000331158
-0.000335143
-0.000339127
-0.000343112
-0.000347097
-0.000351081
-0.000355066
-0.00035905
-0.000363035
-0.000367716
-0.000372746
-0.000377776
-0.000382806
-0.000387835
-0.000392865
-0.000397895
-0.000402924
-0.000407954
-0.000412984
-0.000418014
-0.000423043
-0.000428073
-0.000433103
-0.000417397
-0.00040169
-0.000385984
-0.000370278
-0.000354572
-0.000338866
-0.00032316
-0.000307454
-0.000291748
-0.000276041
-0.000260335
-0.000244629
-0.000228923
-0.000213217
-0.000197511
-0.000181805
-0.000166099
-0.000150392
-0.000134686
-0.00011898
-0.000103274
-8.75678e-05
-7.18617e-05
-5.61555e-05
-4.04494e-05
-2.47432e-05
-9.03708e-06
6.05787e-06
2.03246e-05
3.45913e-05
4.8858e-05
6.31247e-05
7.73914e-05
9.16582e-05
0.000105925
0.000120192
0.000134458
0.000148725
0.000162992
0.000177259
0.000191525
0.000205792
0.000220059
0.000234325
0.000248592
0.000262859
0.000277126
0.000291392
0.000305659
0.000319926
0.000327073
0.000330493
0.000333914
0.000337334
0.000340754
0.000344175
0.000347595
0.000351016
0.000354436
0.000357856
0.000361277
0.000364697
0.000368117
0.000371538
0.000374958
0.000378379
0.000381799
0.000385219
0.00038864
0.00039206
0.000395481
0.000398901
0.000402321
0.000405742
0.000409162
0.000412583
0.000416003
0.000419423
0.000422844
0.000426264
0.000429684
0.000433105
0.000417399
0.000401692
0.000385986
0.00037028
0.000354574
0.000338868
0.000323162
0.000307455
0.000291749
0.000276043
0.000260337
0.000244631
0.000228924
0.000213218
0.000197512
0.000181806
0.0001661
0.000150394
0.000134688
0.000118981
0.000103275
8.7569e-05
7.18629e-05
5.61567e-05
4.04506e-05
2.47444e-05
9.03827e-06
-6.05678e-06
-2.03235e-05
-3.45902e-05
-4.88569e-05
-6.31236e-05
-7.73903e-05
-9.1657e-05
-0.000105924
-0.00012019
-0.000134457
-0.000148724
-0.000162991
-0.000177257
-0.000191524
-0.000205791
-0.000220057
-0.000234324
-0.000248591
-0.000262857
-0.000277124
-0.000291391
-0.000305657
-0.000319924
-0.000327073
-0.000330493
-0.000333913
-0.000337334
-0.000340754
-0.000344174
-0.000347595
-0.000351015
-0.000354435
-0.000357856
-0.000361276
-0.000364696
-0.000368117
-0.000371537
-0.000374957
-0.000378378
-0.000381798
-0.000385218
-0.000388639
-0.000392059
-0.000395479
-0.0003989
-0.00040232
-0.00040574
-0.00040916
-0.000412581
-0.000416001
-0.000419421
-0.000422842
-0.000426262
-0.000429682
-0.000433103
-0.000417397
-0.00040169
-0.000385984
-0.000370278
-0.000354572
-0.000338866
-0.00032316
-0.000307454
-0.000291748
-0.000276041
-0.000260335
-0.000244629
-0.000228923
-0.000213217
-0.000197511
-0.000181805
-0.000166099
-0.000150392
-0.000134686
-0.00011898
-0.000103274
-8.75678e-05
-7.18617e-05
-5.61555e-05
-4.04494e-05
-2.47432e-05
-9.03708e-06
6.05787e-06
2.03246e-05
3.45913e-05
4.8858e-05
6.31247e-05
7.73914e-05
9.16582e-05
0.000105925
0.000120192
0.000134458
0.000148725
0.000162992
0.000177259
0.000191525
0.000205706
0.000219886
0.000234066
0.000248246
0.000262427
0.000276607
0.000290787
0.000304967
0.000319148
0.000326866
0.000330265
0.000333665
0.000337065
0.000340464
0.000343864
0.000347263
0.000350663
0.000354063
0.000357462
0.000360862
0.000364262
0.000367661
0.000371061
0.000374461
0.00037786
0.00038126
0.00038466
0.000388059
0.000391459
0.000394859
0.000398258
0.000401658
0.000405058
0.000408457
0.000411857
0.000415257
0.000418656
0.000422056
0.000425456
0.000428855
0.000432255
0.000436854
0.000441854
0.000446853
0.000451852
0.000456852
0.000459203
0.000461405
0.000463608
0.00046581
0.000468012
0.000470214
0.000472416
0.000474619
0.000476821
0.00046121
0.000445599
0.000429988
0.000414377
0.000398766
0.000383155
0.000367544
0.000351933
0.000336322
0.000320711
0.0003051
0.000289489
0.000273878
0.000258267
0.000242656
0.000227045
0.000211434
0.000195823
0.000180212
0.000164601
0.00014899
0.000133379
0.000117768
0.000102157
8.65461e-05
7.09351e-05
5.53242e-05
3.97132e-05
2.41023e-05
8.4913e-06
-5.77682e-06
-1.84434e-05
-3.111e-05
-4.37766e-05
-5.64431e-05
-6.91097e-05
-8.17763e-05
-9.44428e-05
-0.000107109
-0.000119776
-0.000132443
-0.000145109
-0.000157776
-0.000170442
-0.000183109
-0.000195775
-0.000208442
-0.000221108
-0.000233775
-0.000246442
-0.000259108
-0.000271775
-0.000284441
-0.000297108
-0.000309774
-0.000322441
-0.000327022
-0.000329724
-0.000332427
-0.00033513
-0.000337832
-0.000340535
-0.000343238
-0.000345941
-0.000348643
-0.000351346
-0.000354049
-0.000356751
-0.000359454
-0.000362157
-0.00036486
-0.000367562
-0.000370265
-0.000372968
-0.00037567
-0.000378373
-0.000381076
-0.000383778
-0.000386481
-0.000389184
-0.000391887
-0.000394589
-0.000397292
-0.000399995
-0.000402697
-0.0004054
-0.000408103
-0.000410805
-0.000413508
-0.000416211
-0.000418914
-0.000421616
-0.000424319
-0.000427022
-0.000429724
-0.000432427
-0.000436852
-0.000441851
-0.000446851
-0.00045185
-0.000456849
-0.0004592
-0.000461402
-0.000463604
-0.000465806
-0.000468009
-0.000470211
-0.000472413
-0.000474615
-0.000476817
-0.000461206
-0.000445595
-0.000429984
-0.000414373
-0.000398762
-0.000383151
-0.00036754
-0.000351929
-0.000336319
-0.000320708
-0.000305097
-0.000289486
-0.000273875
-0.000258264
-0.000242653
-0.000227042
-0.000211431
-0.00019582
-0.000180209
-0.000164598
-0.000148987
-0.000133376
-0.000117765
-0.000102154
-8.65433e-05
-7.09323e-05
-5.53214e-05
-3.97104e-05
-2.40994e-05
-8.48846e-06
5.43647e-06
1.7352e-05
2.92676e-05
4.11831e-05
5.30986e-05
6.50142e-05
7.69297e-05
8.88453e-05
0.000100761
0.000112676
0.000124592
0.000136507
0.000148423
0.000160339
0.000172254
0.00018417
0.000196085
0.000208001
0.000219916
0.000231832
0.000243747
0.000255663
0.000267579
0.000279494
0.00029141
0.000303325
0.000315241
0.000327156
0.000339072
0.000350988
0.000358684
0.000361095
0.000363506
0.000365917
0.000368328
0.000370739
0.00037315
0.000375561
0.000377972
0.000380383
0.000382793
0.000385204
0.000387615
0.000390026
0.000392437
0.000394848
0.000397259
0.00039967
0.000402081
0.000404492
0.000406903
0.000409314
0.000411725
0.000414136
0.000416547
0.000418958
0.000421369
0.00042378
0.000426191
0.000428602
0.000431012
0.000433423
0.000435834
0.000438245
0.000440656
0.000443067
0.000445478
0.000447889
0.0004503
0.000452711
0.000455122
0.000457533
0.000459944
0.000462355
0.000464766
0.000467177
0.000469588
0.000471999
0.00047441
0.000476821
0.00046121
0.000445599
0.000429988
0.000414377
0.000398766
0.000383155
0.000367544
0.000351933
0.000336322
0.000320711
0.0003051
0.000289489
0.000273878
0.000258267
0.000242656
0.000227045
0.000211434
0.000195823
0.000180212
0.000164601
0.00014899
0.000133379
0.000117768
0.000102157
8.65461e-05
7.09351e-05
5.53242e-05
3.97132e-05
2.41023e-05
8.4913e-06
-5.4343e-06
-1.73498e-05
-2.92654e-05
-4.11809e-05
-5.30965e-05
-6.5012e-05
-7.69276e-05
-8.88431e-05
-0.000100759
-0.000112674
-0.00012459
-0.000136505
-0.000148421
-0.000160336
-0.000172252
-0.000184167
-0.000196083
-0.000207998
-0.000219914
-0.000231829
-0.000243745
-0.000255661
-0.000267576
-0.000279492
-0.000291407
-0.000303323
-0.000315238
-0.000327154
-0.000339069
-0.000350985
-0.000358684
-0.000361095
-0.000363506
-0.000365917
-0.000368327
-0.000370738
-0.000373149
-0.00037556
-0.000377971
-0.000380382
-0.000382793
-0.000385204
-0.000387614
-0.000390025
-0.000392436
-0.000394847
-0.000397258
-0.000399669
-0.00040208
-0.000404491
-0.000406902
-0.000409312
-0.000411723
-0.000414134
-0.000416545
-0.000418956
-0.000421367
-0.000423778
-0.000426189
-0.000428599
-0.00043101
-0.000433421
-0.000435832
-0.000438243
-0.000440654
-0.000443065
-0.000445476
-0.000447886
-0.000450297
-0.000452708
-0.000455119
-0.00045753
-0.000459941
-0.000462352
-0.000464763
-0.000467173
-0.000469584
-0.000471995
-0.000474406
-0.000476817
-0.000461206
-0.000445595
-0.000429984
-0.000414373
-0.000398762
-0.000383151
-0.00036754
-0.000351929
-0.000336319
-0.000320708
-0.000305097
-0.000289486
-0.000273875
-0.000258264
-0.000242653
-0.000227042
-0.000211431
-0.00019582
-0.000180209
-0.000164598
-0.000148987
-0.000133376
-0.000117765
-0.000102154
-8.65433e-05
-7.09323e-05
-5.53214e-05
-3.97104e-05
-2.40994e-05
-8.48846e-06
5.43647e-06
1.7352e-05
2.92676e-05
4.11831e-05
5.30986e-05
6.50142e-05
7.69297e-05
8.88453e-05
0.000100761
0.000112676
0.000124592
0.000136507
0.000148423
0.000160339
0.000172254
0.00018417
0.000196085
0.000208001
0.000219916
0.000231832
0.000243747
0.000255663
0.000267579
0.000279494
0.00029141
0.000303254
0.000315097
0.000326941
0.000338785
0.000350629
0.000358597
0.000360993
0.00036339
0.000365786
0.000368183
0.000370579
0.000372975
0.000375372
0.000377768
0.000380165
0.000382561
0.000384958
0.000387354
0.00038975
0.000392147
0.000394543
0.00039694
0.000399336
0.000401732
0.000404129
0.000406525
0.000408922
0.000411318
0.000413715
0.000416111
0.000418507
0.000420904
0.0004233
0.000425697
0.000428093
0.00043049
0.000432886
0.000435282
0.000437679
0.000440075
0.000442472
0.000444868
0.000447265
0.000449661
0.000452058
0.000454454
0.00045685
0.000459247
0.000461643
0.00046404
0.000466436
0.000468833
0.000471229
0.000473625
0.000476022
0.00047828
0.000480469
0.000482658
0.000484847
0.000487036
0.000489225
0.000491413
0.000493602
0.000495791
0.00049798
0.000500169
0.000502358
0.000504547
0.000506736
0.000508925
0.000511114
0.000513303
0.000515491
0.00051768
0.000519869
0.000522058
0.000524247
0.000526436
0.000528625
0.000530814
0.000533003
0.000535192
0.000537381
0.000521864
0.000506347
0.00049083
0.000475313
0.000459796
0.000444279
0.000428762
0.000413245
0.000397728
0.000382211
0.000366694
0.000351177
0.00033566
0.000320143
0.000304626
0.00028911
0.000273593
0.000258076
0.000242559
0.000227042
0.000211525
0.000196008
0.000180491
0.000164974
0.000149457
0.00013394
0.000118423
0.000102906
8.73895e-05
7.18726e-05
5.63557e-05
4.08388e-05
2.53219e-05
9.80501e-06
-3.643e-06
-1.35396e-05
-2.34361e-05
-3.33327e-05
-4.32292e-05
-5.31258e-05
-6.30223e-05
-7.29189e-05
-8.28154e-05
-9.2712e-05
-0.000102608
-0.000112505
-0.000122402
-0.000132298
-0.000142195
-0.000152091
-0.000161988
-0.000171884
-0.000181781
-0.000191677
-0.000201574
-0.00021147
-0.000221367
-0.000231264
-0.00024116
-0.000251057
-0.000260953
-0.00027085
-0.000280746
-0.000290643
-0.000300539
-0.000310436
-0.000320332
-0.000330229
-0.000340125
-0.000350022
-0.000358026
-0.00035979
-0.000361554
-0.000363318
-0.000365083
-0.000366847
-0.000368611
-0.000370375
-0.00037214
-0.000373904
-0.000375668
-0.000377432
-0.000379196
-0.000380961
-0.000382725
-0.000384489
-0.000386253
-0.000388018
-0.000389782
-0.000391546
-0.00039331
-0.000395075
-0.000396839
-0.000398603
-0.000400367
-0.000402131
-0.000403896
-0.00040566
-0.000407424
-0.000409188
-0.000410953
-0.000412717
-0.000414481
-0.000416245
-0.00041801
-0.000419774
-0.000421538
-0.000423302
-0.000425066
-0.000426831
-0.000428595
-0.000430359
-0.000432123
-0.000433888
-0.000435652
-0.000437416
-0.00043918
-0.000440944
-0.000442709
-0.000444473
-0.000446237
-0.000448001
-0.000449766
-0.00045153
-0.000453294
-0.000455058
-0.000456822
-0.000458587
-0.000460351
-0.000462115
-0.000463879
-0.000465644
-0.000467408
-0.000469172
-0.000470936
-0.0004727
-0.000474465
-0.000476229
-0.000478276
-0.000480465
-0.000482654
-0.000484843
-0.000487031
-0.00048922
-0.000491409
-0.000493598
-0.000495787
-0.000497975
-0.000500164
-0.000502353
-0.000504542
-0.000506731
-0.00050892
-0.000511108
-0.000513297
-0.000515486
-0.000517675
-0.000519864
-0.000522052
-0.000524241
-0.00052643
-0.000528619
-0.000530808
-0.000532996
-0.000535185
-0.000537374
-0.000521857
-0.00050634
-0.000490823
-0.000475306
-0.00045979
-0.000444273
-0.000428756
-0.000413239
-0.000397722
-0.000382205
-0.000366688
-0.000351171
-0.000335654
-0.000320137
-0.000304621
-0.000289104
-0.000273587
-0.00025807
-0.000242553
-0.000227036
-0.000211519
-0.000196002
-0.000180485
-0.000164968
-0.000149451
-0.000133934
-0.000118418
-0.000102901
-8.73837e-05
-7.18667e-05
-5.63498e-05
-4.08328e-05
-2.53159e-05
-9.79897e-06
3.34885e-06
1.24367e-05
2.15245e-05
3.06123e-05
3.97001e-05
4.87879e-05
5.78757e-05
6.69636e-05
7.60514e-05
8.51392e-05
9.4227e-05
0.000103315
0.000112403
0.00012149
0.000130578
0.000139666
0.000148754
0.000157842
0.00016693
0.000176017
0.000185105
0.000194193
0.000203281
0.000212369
0.000221457
0.000230544
0.000239632
0.00024872
0.000257808
0.000266896
0.000275984
0.000285071
0.000294159
0.000303247
0.000312335
0.000321423
0.000330511
0.000339599
0.000348686
0.000357774
0.000366862
0.00037595
0.000385038
0.000394126
0.000403063
0.000404607
0.000406151
0.000407695
0.000409238
0.000410782
0.000412326
0.00041387
0.000415414
0.000416958
0.000418502
0.000420045
0.000421589
0.000423133
0.000424677
0.000426221
0.000427765
0.000429309
0.000430853
0.000432396
0.00043394
0.000435484
0.000437028
0.000438572
0.000440116
0.00044166
0.000443204
0.000444748
0.000446291
0.000447835
0.000449379
0.000450923
0.000452467
0.000454011
0.000455555
0.000457099
0.000458642
0.000460186
0.00046173
0.000463274
0.000464818
0.000466362
0.000467906
0.00046945
0.000470993
0.000472537
0.000474081
0.000475625
0.000477169
0.000478713
0.000480257
0.000481801
0.000483345
0.000484888
0.000486432
0.000487976
0.00048952
0.000491064
0.000492608
0.000494152
0.000495696
0.00049724
0.000498783
0.000500327
0.000501871
0.000503415
0.000504959
0.000506503
0.000508047
0.000509591
0.000511135
0.000512678
0.000514222
0.000515766
0.00051731
0.000518854
0.000520398
0.000521942
0.000523486
0.00052503
0.000526573
0.000528117
0.000529661
0.000531205
0.000532749
0.000534293
0.000535837
0.000537381
0.000521864
0.000506347
0.00049083
0.000475313
0.000459796
0.000444279
0.000428762
0.000413245
0.000397728
0.000382211
0.000366694
0.000351177
0.00033566
0.000320143
0.000304626
0.00028911
0.000273593
0.000258076
0.000242559
0.000227042
0.000211525
0.000196008
0.000180491
0.000164974
0.000149457
0.00013394
0.000118423
0.000102906
8.73895e-05
7.18726e-05
5.63557e-05
4.08388e-05
2.53219e-05
9.80501e-06
-3.34531e-06
-1.24332e-05
-2.1521e-05
-3.06088e-05
-3.96967e-05
-4.87845e-05
-5.78724e-05
-6.69602e-05
-7.6048e-05
-8.51359e-05
-9.42237e-05
-0.000103312
-0.000112399
-0.000121487
-0.000130575
-0.000139663
-0.000148751
-0.000157839
-0.000166926
-0.000176014
-0.000185102
-0.00019419
-0.000203278
-0.000212366
-0.000221453
-0.000230541
-0.000239629
-0.000248717
-0.000257805
-0.000266892
-0.00027598
-0.000285068
-0.000294156
-0.000303244
-0.000312332
-0.000321419
-0.000330507
-0.000339595
-0.000348683
-0.000357771
-0.000366858
-0.000375946
-0.000385034
-0.000394122
-0.000403064
-0.000404608
-0.000406151
-0.000407695
-0.000409239
-0.000410783
-0.000412327
-0.00041387
-0.000415414
-0.000416958
-0.000418502
-0.000420046
-0.000421589
-0.000423133
-0.000424677
-0.000426221
-0.000427765
-0.000429308
-0.000430852
-0.000432396
-0.00043394
-0.000435484
-0.000437027
-0.000438571
-0.000440115
-0.000441659
-0.000443203
-0.000444746
-0.00044629
-0.000447834
-0.000449378
-0.000450922
-0.000452465
-0.000454009
-0.000455553
-0.000457097
-0.000458641
-0.000460184
-0.000461728
-0.000463272
-0.000464816
-0.00046636
-0.000467903
-0.000469447
-0.000470991
-0.000472535
-0.000474079
-0.000475622
-0.000477166
-0.00047871
-0.000480254
-0.000481798
-0.000483341
-0.000484885
-0.000486429
-0.000487973
-0.000489517
-0.00049106
-0.000492604
-0.000494148
-0.000495692
-0.000497236
-0.000498779
-0.000500323
-0.000501867
-0.000503411
-0.000504955
-0.000506498
-0.000508042
-0.000509586
-0.00051113
-0.000512673
-0.000514217
-0.000515761
-0.000517305
-0.000518849
-0.000520392
-0.000521936
-0.00052348
-0.000525024
-0.000526568
-0.000528111
-0.000529655
-0.000531199
-0.000532743
-0.000534286
-0.00053583
-0.000537374
-0.000521857
-0.00050634
-0.000490823
-0.000475306
-0.00045979
-0.000444273
-0.000428756
-0.000413239
-0.000397722
-0.000382205
-0.000366688
-0.000351171
-0.000335654
-0.000320137
-0.000304621
-0.000289104
-0.000273587
-0.00025807
-0.000242553
-0.000227036
-0.000211519
-0.000196002
-0.000180485
-0.000164968
-0.000149451
-0.000133934
-0.000118418
-0.000102901
-8.73837e-05
-7.18667e-05
-5.63498e-05
-4.08328e-05
-2.53159e-05
-9.79897e-06
3.34885e-06
1.24367e-05
2.15245e-05
3.06123e-05
3.97001e-05
4.87879e-05
5.78757e-05
6.69636e-05
7.60514e-05
8.51392e-05
9.4227e-05
0.000103315
0.000112403
0.00012149
0.000130578
0.000139666
0.000148754
0.000157842
0.00016693
0.000176017
0.000185105
0.000194193
0.000203281
0.000212369
0.000221457
0.000230544
0.000239632
0.00024872
0.000257808
0.000266896
0.000275984
0.000285071
0.000294159
0.000303247
0.000312335
0.000321423
0.000330511
0.000339599
0.000348686
0.000357774
0.000366862
0.00037595
0.000385038
0.000394126
0.000403063
0.000404607
0.000406151
0.000407695
0.000409238
0.000410778
0.000412317
0.000413856
0.000415395
0.000416935
0.000418474
0.000420013
0.000421552
0.000423092
0.000424631
0.00042617
0.000427709
0.000429248
0.000430788
0.000432327
0.000433866
0.000435405
0.000436945
0.000438484
0.000440023
0.000441562
0.000443102
0.000444641
0.00044618
0.000447719
0.000449259
0.000450798
0.000452337
0.000453876
0.000455416
0.000456955
0.000458494
0.000460033
0.000461573
0.000463112
0.000464651
0.00046619
0.00046773
0.000469269
0.000470808
0.000472347
0.000473887
0.000475426
0.000476965
0.000478504
0.000480044
0.000481583
0.000483122
0.000484661
0.000486201
0.00048774
0.000489279
0.000490818
0.000492357
0.000493897
0.000495436
0.000496975
0.000498515
0.000500054
0.000501593
0.000503132
0.000504672
0.000506211
0.00050775
0.000509289
0.000510829
0.000512368
0.000513907
0.000515446
0.000516986
0.000518525
0.000520064
0.000521603
0.000523143
0.000524682
0.000526221
0.00052776
0.0005293
0.000530839
0.000532378
0.000533917
0.000535457
0.000536996
0.000539017
0.0005412
0.000543382
0.000545564
0.000547747
0.000549929
0.000552112
0.000554294
0.000556476
0.000558659
0.000560841
0.000563023
0.000565206
0.000567388
0.00056957
0.000571753
0.000573935
0.000576117
0.0005783
0.000580482
0.000582664
0.000584847
0.000587029
0.000589211
0.000591394
0.000593576
0.000595759
0.000597941
0.000582471
0.000567
0.00055153
0.000536059
0.000520589
0.000505119
0.000489648
0.000474178
0.000458708
0.000443237
0.000427767
0.000412297
0.000396826
0.000381356
0.000365886
0.000350415
0.000334945
0.000319475
0.000304004
0.000288534
0.000273064
0.000257593
0.000242123
0.000226653
0.000211182
0.000195712
0.000180242
0.000164771
0.000149301
0.000133831
0.000118361
0.00010289
8.742e-05
7.19497e-05
5.64794e-05
4.10091e-05
2.55388e-05
1.00685e-05
-2.78997e-06
-1.07802e-05
-1.87704e-05
-2.67606e-05
-3.47508e-05
-4.27409e-05
-5.07311e-05
-5.87213e-05
-6.67115e-05
-7.47017e-05
-8.26919e-05
-9.06821e-05
-9.86723e-05
-0.000106662
-0.000114653
-0.000122643
-0.000130633
-0.000138623
-0.000146613
-0.000154604
-0.000162594
-0.000170584
-0.000178574
-0.000186564
-0.000194555
-0.000202545
-0.000210535
-0.000218525
-0.000226515
-0.000234505
-0.000242496
-0.000250486
-0.000258476
-0.000266466
-0.000274456
-0.000282446
-0.000290437
-0.000298427
-0.000306417
-0.000314407
-0.000322397
-0.000330387
-0.000338378
-0.000346368
-0.000354358
-0.000362348
-0.000370338
-0.000378328
-0.000386319
-0.000394309
-0.000402299
-0.000404195
-0.000405472
-0.00040675
-0.000408027
-0.000409305
-0.000410582
-0.00041186
-0.000413137
-0.000414415
-0.000415692
-0.00041697
-0.000418247
-0.000419525
-0.000420802
-0.00042208
-0.000423357
-0.000424635
-0.000425912
-0.00042719
-0.000428467
-0.000429745
-0.000431022
-0.0004323
-0.000433577
-0.000434855
-0.000436132
-0.00043741
-0.000438687
-0.000439965
-0.000441242
-0.00044252
-0.000443797
-0.000445075
-0.000446352
-0.00044763
-0.000448907
-0.000450185
-0.000451462
-0.00045274
-0.000454017
-0.000455295
-0.000456572
-0.00045785
-0.000459127
-0.000460405
-0.000461682
-0.00046296
-0.000464237
-0.000465515
-0.000466792
-0.00046807
-0.000469347
-0.000470625
-0.000471902
-0.00047318
-0.000474457
-0.000475735
-0.000477012
-0.00047829
-0.000479567
-0.000480845
-0.000482122
-0.0004834
-0.000484677
-0.000485955
-0.000487232
-0.00048851
-0.000489787
-0.000491065
-0.000492342
-0.00049362
-0.000494897
-0.000496175
-0.000497452
-0.00049873
-0.000500007
-0.000501285
-0.000502562
-0.00050384
-0.000505117
-0.000506395
-0.000507672
-0.00050895
-0.000510227
-0.000511505
-0.000512782
-0.00051406
-0.000515337
-0.000516615
-0.000517892
-0.00051917
-0.000520447
-0.000521725
-0.000523002
-0.00052428
-0.000525557
-0.000526835
-0.000528112
-0.00052939
-0.000530667
-0.000531945
-0.000533222
-0.0005345
-0.000535777
-0.000537055
-0.000539011
-0.000541193
-0.000543375
-0.000545557
-0.00054774
-0.000549922
-0.000552104
-0.000554286
-0.000556469
-0.000558651
-0.000560833
-0.000563015
-0.000565197
-0.00056738
-0.000569562
-0.000571744
-0.000573926
-0.000576109
-0.000578291
-0.000580473
-0.000582655
-0.000584838
-0.00058702
-0.000589202
-0.000591384
-0.000593566
-0.000595749
-0.000597931
-0.000582461
-0.00056699
-0.00055152
-0.00053605
-0.000520579
-0.000505109
-0.000489639
-0.000474168
-0.000458698
-0.000443228
-0.000427758
-0.000412287
-0.000396817
-0.000381347
-0.000365876
-0.000350406
-0.000334936
-0.000319465
-0.000303995
-0.000288525
-0.000273054
-0.000257584
-0.000242114
-0.000226643
-0.000211173
-0.000195703
-0.000180232
-0.000164762
-0.000149292
-0.000133821
-0.000118351
-0.000102881
-8.74103e-05
-7.194e-05
-5.64696e-05
-4.09993e-05
-2.55289e-05
-1.00586e-05
2.67343e-06
1.03158e-05
1.79582e-05
2.56006e-05
3.3243e-05
4.08855e-05
4.85279e-05
5.61703e-05
6.38127e-05
7.14551e-05
7.90975e-05
8.67399e-05
9.43823e-05
0.000102025
0.000109667
0.00011731
0.000124952
0.000132594
0.000140237
0.000147879
0.000155522
0.000163164
0.000170806
0.000178449
0.000186091
0.000193734
0.000201376
0.000209019
0.000216661
0.000224303
0.000231946
0.000239588
0.000247231
0.000254873
0.000262516
0.000270158
0.0002778
0.000285443
0.000293085
0.000300728
0.00030837
0.000316013
0.000323655
0.000331297
0.00033894
0.000346582
0.000354225
0.000361867
0.00036951
0.000377152
0.000384795
0.000392437
0.000400079
0.000407722
0.000415364
0.000423007
0.000430649
0.000438292
0.000445934
0.000449255
0.000450454
0.000451653
0.000452852
0.000454051
0.00045525
0.000456449
0.000457648
0.000458847
0.000460046
0.000461245
0.000462444
0.000463643
0.000464842
0.000466042
0.000467241
0.00046844
0.000469639
0.000470838
0.000472037
0.000473236
0.000474435
0.000475634
0.000476833
0.000478032
0.000479231
0.00048043
0.00048163
0.000482829
0.000484028
0.000485227
0.000486426
0.000487625
0.000488824
0.000490023
0.000491222
0.000492421
0.00049362
0.000494819
0.000496018
0.000497218
0.000498417
0.000499616
0.000500815
0.000502014
0.000503213
0.000504412
0.000505611
0.00050681
0.000508009
0.000509208
0.000510407
0.000511606
0.000512806
0.000514005
0.000515204
0.000516403
0.000517602
0.000518801
0.00052
0.000521199
0.000522398
0.000523597
0.000524796
0.000525995
0.000527195
0.000528394
0.000529593
0.000530792
0.000531991
0.00053319
0.000534389
0.000535588
0.000536787
0.000537986
0.000539185
0.000540385
0.000541584
0.000542783
0.000543982
0.000545181
0.00054638
0.000547579
0.000548778
0.000549977
0.000551176
0.000552375
0.000553574
0.000554774
0.000555973
0.000557172
0.000558371
0.00055957
0.000560769
0.000561968
0.000563167
0.000564366
0.000565565
0.000566764
0.000567964
0.000569163
0.000570362
0.000571561
0.00057276
0.000573959
0.000575158
0.000576357
0.000577556
0.000578755
0.000579954
0.000581154
0.000582353
0.000583552
0.000584751
0.00058595
0.000587149
0.000588348
0.000589547
0.000590746
0.000591945
0.000593145
0.000594344
0.000595543
0.000596742
0.000597941
0.000582471
0.000567
0.00055153
0.000536059
0.000520589
0.000505119
0.000489648
0.000474178
0.000458708
0.000443237
0.000427767
0.000412297
0.000396826
0.000381356
0.000365886
0.000350415
0.000334945
0.000319475
0.000304004
0.000288534
0.000273064
0.000257593
0.000242123
0.000226653
0.000211182
0.000195712
0.000180242
0.000164771
0.000149301
0.000133831
0.000118361
0.00010289
8.742e-05
7.19497e-05
5.64794e-05
4.10091e-05
2.55388e-05
1.00685e-05
-2.66854e-06
-1.0311e-05
-1.79535e-05
-2.55959e-05
-3.32384e-05
-4.08808e-05
-4.85233e-05
-5.61657e-05
-6.38082e-05
-7.14506e-05
-7.90931e-05
-8.67355e-05
-9.4378e-05
-0.00010202
-0.000109663
-0.000117305
-0.000124948
-0.00013259
-0.000140233
-0.000147875
-0.000155518
-0.00016316
-0.000170802
-0.000178445
-0.000186087
-0.00019373
-0.000201372
-0.000209015
-0.000216657
-0.0002243
-0.000231942
-0.000239584
-0.000247227
-0.000254869
-0.000262512
-0.000270154
-0.000277797
-0.000285439
-0.000293081
-0.000300724
-0.000308366
-0.000316009
-0.000323651
-0.000331294
-0.000338936
-0.000346578
-0.000354221
-0.000361863
-0.000369506
-0.000377148
-0.000384791
-0.000392433
-0.000400075
-0.000407718
-0.00041536
-0.000423003
-0.000430645
-0.000438287
-0.00044593
-0.000449257
-0.000450456
-0.000451655
-0.000452854
-0.000454053
-0.000455252
-0.000456451
-0.00045765
-0.000458849
-0.000460048
-0.000461247
-0.000462446
-0.000463645
-0.000464844
-0.000466043
-0.000467242
-0.000468441
-0.00046964
-0.000470839
-0.000472038
-0.000473237
-0.000474436
-0.000475635
-0.000476834
-0.000478033
-0.000479232
-0.000480431
-0.00048163
-0.000482829
-0.000484028
-0.000485227
-0.000486426
-0.000487625
-0.000488824
-0.000490023
-0.000491222
-0.000492421
-0.00049362
-0.000494818
-0.000496017
-0.000497216
-0.000498415
-0.000499614
-0.000500813
-0.000502012
-0.000503211
-0.00050441
-0.000505609
-0.000506808
-0.000508007
-0.000509206
-0.000510405
-0.000511604
-0.000512803
-0.000514002
-0.000515201
-0.0005164
-0.000517599
-0.000518798
-0.000519997
-0.000521196
-0.000522395
-0.000523594
-0.000524793
-0.000525992
-0.000527191
-0.00052839
-0.000529589
-0.000530788
-0.000531987
-0.000533186
-0.000534385
-0.000535584
-0.000536783
-0.000537982
-0.000539181
-0.00054038
-0.000541579
-0.000542778
-0.000543977
-0.000545176
-0.000546375
-0.000547574
-0.000548773
-0.000549972
-0.000551171
-0.00055237
-0.000553569
-0.000554768
-0.000555967
-0.000557166
-0.000558365
-0.000559564
-0.000560763
-0.000561962
-0.000563161
-0.00056436
-0.000565559
-0.000566758
-0.000567957
-0.000569155
-0.000570354
-0.000571553
-0.000572752
-0.000573951
-0.00057515
-0.000576349
-0.000577548
-0.000578747
-0.000579946
-0.000581145
-0.000582344
-0.000583543
-0.000584742
-0.000585941
-0.00058714
-0.000588339
-0.000589538
-0.000590737
-0.000591936
-0.000593135
-0.000594334
-0.000595533
-0.000596732
-0.000597931
-0.000582461
-0.00056699
-0.00055152
-0.00053605
-0.000520579
-0.000505109
-0.000489639
-0.000474168
-0.000458698
-0.000443228
-0.000427758
-0.000412287
-0.000396817
-0.000381347
-0.000365876
-0.000350406
-0.000334936
-0.000319465
-0.000303995
-0.000288525
-0.000273054
-0.000257584
-0.000242114
-0.000226643
-0.000211173
-0.000195703
-0.000180232
-0.000164762
-0.000149292
-0.000133821
-0.000118351
-0.000102881
-8.74103e-05
-7.194e-05
-5.64696e-05
-4.09993e-05
-2.55289e-05
-1.00586e-05
2.67343e-06
1.03158e-05
1.79582e-05
2.56006e-05
3.3243e-05
4.08855e-05
4.85279e-05
5.61703e-05
6.38127e-05
7.14551e-05
7.90975e-05
8.67399e-05
9.43823e-05
0.000102025
0.000109667
0.00011731
0.000124952
0.000132594
0.000140237
0.000147879
0.000155522
0.000163164
0.000170806
0.000178449
0.000186091
0.000193734
0.000201376
0.000209019
0.000216661
0.000224303
0.000231946
0.000239588
0.000247231
0.000254873
0.000262516
0.000270158
0.0002778
0.000285443
0.000293085
0.000300728
0.00030837
0.000316013
0.000323655
0.000331297
0.00033894
0.000346582
0.000354225
0.000361867
0.00036951
0.000377152
0.000384795
0.000392437
0.000400079
0.000407722
0.000415364
0.000423007
0.000430649
0.000438292
0.000445934
0.000449255
0.000450454
0.000451653
0.000452852
0.000454051
0.00045525
0.000456449
0.000457648
0.000458847
0.000460046
0.000461245
0.000462444
0.000463643
0.000464842
0.000466039
0.000467236
0.000468433
0.00046963
0.000470827
0.000472024
0.000473221
0.000474418
0.000475615
0.000476812
0.000478009
0.000479205
0.000480402
0.000481599
0.000482796
0.000483993
0.00048519
0.000486387
0.000487584
0.000488781
0.000489978
0.000491175
0.000492372
0.000493569
0.000494765
0.000495962
0.000497159
0.000498356
0.000499553
0.00050075
0.000501947
0.000503144
0.000504341
0.000505538
0.000506735
0.000507932
0.000509129
0.000510325
0.000511522
0.000512719
0.000513916
0.000515113
0.00051631
0.000517507
0.000518704
0.000519901
0.000521098
0.000522295
0.000523492
0.000524689
0.000525886
0.000527082
0.000528279
0.000529476
0.000530673
0.00053187
0.000533067
0.000534264
0.000535461
0.000536658
0.000537855
0.000539052
0.000540249
0.000541446
0.000542643
0.000543839
0.000545036
0.000546233
0.00054743
0.000548627
0.000549824
0.000551021
0.000552218
0.000553415
0.000554612
0.000555809
0.000557006
0.000558203
0.0005594
0.000560596
0.000561793
0.00056299
0.000564187
0.000565384
0.000566581
0.000567778
0.000568975
0.000570172
0.000571369
0.000572566
0.000573763
0.00057496
0.000576157
0.000577354
0.000578551
0.000579747
0.000580944
0.000582141
0.000583338
0.000584535
0.000585732
0.000586929
0.000588126
0.000589323
0.00059052
0.000591717
0.000592914
0.000594111
0.000595308
0.000596505
0.000597702
0.000599684
0.000601862
0.000604041
0.000606219
0.000608397
0.000610576
0.000612754
0.000614933
0.000617111
0.00061929
0.000621468
0.000623646
0.000625825
0.000628003
0.000630182
0.00063236
0.000634539
0.000636717
0.000638895
0.000641074
0.000643252
0.000645431
0.000647609
0.000649788
0.000651966
0.000654536
0.000658452
0.000662368
0.000646925
0.000631483
0.000616041
0.000600598
0.000585156
0.000569713
0.000554271
0.000538828
0.000523386
0.000507944
0.000492501
0.000477059
0.000461616
0.000446174
0.000430732
0.000415289
0.000399847
0.000384404
0.000368962
0.00035352
0.000338077
0.000322635
0.000307192
0.00029175
0.000276308
0.000260865
0.000245423
0.00022998
0.000214538
0.000199096
0.000183653
0.000168211
0.000152769
0.000137326
0.000121884
0.000106442
9.09991e-05
7.55568e-05
6.01144e-05
4.46721e-05
2.92297e-05
1.37873e-05
1.53755e-06
-5.39053e-06
-1.23186e-05
-1.92467e-05
-2.61748e-05
-3.31028e-05
-4.00309e-05
-4.6959e-05
-5.3887e-05
-6.08151e-05
-6.77432e-05
-7.46713e-05
-8.15993e-05
-8.85274e-05
-9.54555e-05
-0.000102384
-0.000109312
-0.00011624
-0.000123168
-0.000130096
-0.000137024
-0.000143952
-0.00015088
-0.000157808
-0.000164736
-0.000171664
-0.000178592
-0.00018552
-0.000192448
-0.000199376
-0.000206304
-0.000213233
-0.000220161
-0.000227089
-0.000234017
-0.000240945
-0.000247873
-0.000254801
-0.000261729
-0.000268657
-0.000275585
-0.000282513
-0.000289441
-0.000296369
-0.000303297
-0.000310225
-0.000317153
-0.000324081
-0.000331009
-0.000337937
-0.000344865
-0.000351794
-0.000358722
-0.00036565
-0.000372578
-0.000379506
-0.000386434
-0.000393362
-0.00040029
-0.000407218
-0.000414146
-0.000421074
-0.000428002
-0.00043493
-0.000441858
-0.000444985
-0.000446032
-0.000447079
-0.000448126
-0.000449173
-0.00045022
-0.000451267
-0.000452314
-0.000453362
-0.000454409
-0.000455456
-0.000456503
-0.00045755
-0.000458597
-0.000459644
-0.000460691
-0.000461738
-0.000462785
-0.000463833
-0.00046488
-0.000465927
-0.000466974
-0.000468021
-0.000469068
-0.000470115
-0.000471162
-0.000472209
-0.000473256
-0.000474304
-0.000475351
-0.000476398
-0.000477445
-0.000478492
-0.000479539
-0.000480586
-0.000481633
-0.00048268
-0.000483727
-0.000484774
-0.000485822
-0.000486869
-0.000487916
-0.000488963
-0.00049001
-0.000491057
-0.000492104
-0.000493151
-0.000494198
-0.000495245
-0.000496293
-0.00049734
-0.000498387
-0.000499434
-0.000500481
-0.000501528
-0.000502575
-0.000503622
-0.000504669
-0.000505716
-0.000506763
-0.000507811
-0.000508858
-0.000509905
-0.000510952
-0.000511999
-0.000513046
-0.000514093
-0.00051514
-0.000516187
-0.000517234
-0.000518281
-0.000519329
-0.000520376
-0.000521423
-0.00052247
-0.000523517
-0.000524564
-0.000525611
-0.000526658
-0.000527705
-0.000528752
-0.000529799
-0.000530847
-0.000531894
-0.000532941
-0.000533988
-0.000535035
-0.000536082
-0.000537129
-0.000538176
-0.000539223
-0.00054027
-0.000541317
-0.000542364
-0.000543412
-0.000544459
-0.000545506
-0.000546553
-0.0005476
-0.000548647
-0.000549694
-0.000550741
-0.000551788
-0.000552835
-0.000553882
-0.000554929
-0.000555977
-0.000557024
-0.000558071
-0.000559118
-0.000560165
-0.000561212
-0.000562259
-0.000563306
-0.000564353
-0.0005654
-0.000566447
-0.000567494
-0.000568542
-0.000569589
-0.000570636
-0.000571683
-0.00057273
-0.000573777
-0.000574824
-0.000575871
-0.000576918
-0.000577965
-0.000579012
-0.000580059
-0.000581106
-0.000582154
-0.000583201
-0.000584248
-0.000585295
-0.000586342
-0.000587389
-0.000588436
-0.000589483
-0.00059053
-0.000591577
-0.000592624
-0.000593671
-0.000595761
-0.000597939
-0.000600117
-0.000602296
-0.000604474
-0.000606652
-0.00060883
-0.000611008
-0.000613186
-0.000615364
-0.000617542
-0.00061972
-0.000621898
-0.000624076
-0.000626255
-0.000628433
-0.000630611
-0.000632789
-0.000634967
-0.000637145
-0.000639323
-0.000641501
-0.000643679
-0.000646642
-0.000650605
-0.000654565
-0.000658524
-0.000662485
-0.000647042
-0.000631599
-0.000616157
-0.000600714
-0.000585271
-0.000569829
-0.000554386
-0.000538943
-0.000523501
-0.000508058
-0.000492615
-0.000477173
-0.00046173
-0.000446287
-0.000430845
-0.000415402
-0.000399959
-0.000384517
-0.000369074
-0.000353631
-0.000338189
-0.000322746
-0.000307303
-0.000291861
-0.000276418
-0.000260975
-0.000245532
-0.00023009
-0.000214647
-0.000199204
-0.000183762
-0.000168319
-0.000152876
-0.000137434
-0.000121991
-0.000106548
-9.11055e-05
-7.56627e-05
-6.022e-05
-4.47773e-05
-2.93346e-05
-1.38919e-05
-1.71241e-06
5.05555e-06
1.18235e-05
1.85914e-05
2.53593e-05
3.21273e-05
3.88952e-05
4.56632e-05
5.24311e-05
5.9199e-05
6.5967e-05
7.27349e-05
7.95029e-05
8.62708e-05
9.30387e-05
9.98067e-05
0.000106575
0.000113343
0.000120111
0.000126878
0.000133646
0.000140414
0.000147182
0.00015395
0.000160718
0.000167486
0.000174254
0.000181022
0.00018779
0.000194558
0.000201326
0.000208094
0.000214862
0.00022163
0.000228398
0.000235166
0.000241934
0.000248702
0.00025547
0.000262237
0.000269005
0.000275773
0.000282541
0.000289309
0.000296077
0.000302845
0.000309613
0.000316381
0.000323149
0.000329917
0.000336685
0.000343453
0.000350221
0.000356989
0.000363757
0.000370525
0.000377293
0.000384061
0.000390829
0.000397597
0.000404365
0.000411133
0.000417901
0.000424669
0.000431437
0.000438205
0.000444973
0.000451741
0.000458509
0.000465277
0.000472045
0.000478813
0.000485581
0.000489867
0.000490882
0.000491896
0.000492911
0.000493926
0.000494941
0.000495956
0.000496971
0.000497986
0.000499001
0.000500016
0.00050103
0.000502045
0.00050306
0.000504075
0.00050509
0.000506105
0.00050712
0.000508135
0.00050915
0.000510165
0.000511179
0.000512194
0.000513209
0.000514224
0.000515239
0.000516254
0.000517269
0.000518284
0.000519299
0.000520314
0.000521328
0.000522343
0.000523358
0.000524373
0.000525388
0.000526403
0.000527418
0.000528433
0.000529448
0.000530463
0.000531477
0.000532492
0.000533507
0.000534522
0.000535537
0.000536552
0.000537567
0.000538582
0.000539597
0.000540612
0.000541627
0.000542641
0.000543656
0.000544671
0.000545686
0.000546701
0.000547716
0.000548731
0.000549746
0.000550761
0.000551776
0.00055279
0.000553805
0.00055482
0.000555835
0.00055685
0.000557865
0.00055888
0.000559895
0.00056091
0.000561925
0.00056294
0.000563954
0.000564969
0.000565984
0.000566999
0.000568014
0.000569029
0.000570044
0.000571059
0.000572074
0.000573089
0.000574104
0.000575118
0.000576133
0.000577148
0.000578163
0.000579178
0.000580193
0.000581208
0.000582223
0.000583238
0.000584253
0.000585268
0.000586282
0.000587297
0.000588312
0.000589327
0.000590342
0.000591357
0.000592372
0.000593387
0.000594402
0.000595417
0.000596432
0.000597447
0.000598461
0.000599476
0.000600491
0.000601506
0.000602521
0.000603536
0.000604551
0.000605566
0.000606581
0.000607596
0.000608611
0.000609626
0.00061064
0.000611655
0.00061267
0.000613685
0.0006147
0.000615715
0.00061673
0.000617745
0.00061876
0.000619775
0.00062079
0.000621805
0.000622819
0.000623834
0.000624849
0.000625864
0.000626879
0.000627894
0.000628909
0.000629924
0.000630939
0.000631954
0.000632969
0.000633984
0.000634998
0.000636013
0.000637028
0.000638043
0.000639058
0.000640073
0.000641088
0.000642103
0.000643118
0.000644133
0.00064555
0.000647421
0.0006493
0.00065118
0.000653059
0.000654939
0.000656818
0.000658697
0.000660575
0.000662454
0.000647011
0.000631569
0.000616126
0.000600684
0.000585241
0.000569799
0.000554356
0.000538914
0.000523471
0.000508029
0.000492586
0.000477144
0.000461701
0.000446259
0.000430817
0.000415374
0.000399932
0.000384489
0.000369047
0.000353604
0.000338162
0.000322719
0.000307277
0.000291834
0.000276392
0.000260949
0.000245507
0.000230065
0.000214622
0.00019918
0.000183737
0.000168295
0.000152852
0.00013741
0.000121967
0.000106525
9.10826e-05
7.56402e-05
6.01978e-05
4.47553e-05
2.93129e-05
1.38705e-05
1.68085e-06
-5.08681e-06
-1.18545e-05
-1.86222e-05
-2.53899e-05
-3.21576e-05
-3.89252e-05
-4.56929e-05
-5.24606e-05
-5.92283e-05
-6.5996e-05
-7.27636e-05
-7.95313e-05
-8.6299e-05
-9.30667e-05
-9.98344e-05
-0.000106602
-0.00011337
-0.000120137
-0.000126905
-0.000133673
-0.00014044
-0.000147208
-0.000153976
-0.000160743
-0.000167511
-0.000174279
-0.000181046
-0.000187814
-0.000194582
-0.000201349
-0.000208117
-0.000214885
-0.000221652
-0.00022842
-0.000235188
-0.000241955
-0.000248723
-0.000255491
-0.000262258
-0.000269026
-0.000275794
-0.000282561
-0.000289329
-0.000296097
-0.000302864
-0.000309632
-0.0003164
-0.000323167
-0.000329935
-0.000336703
-0.00034347
-0.000350238
-0.000357006
-0.000363773
-0.000370541
-0.000377309
-0.000384076
-0.000390844
-0.000397611
-0.000404379
-0.000411147
-0.000417914
-0.000424682
-0.00043145
-0.000438217
-0.000444985
-0.000451753
-0.00045852
-0.000465288
-0.000472056
-0.000478823
-0.000485591
-0.00048988
-0.000490894
-0.000491908
-0.000492923
-0.000493937
-0.000494952
-0.000495966
-0.00049698
-0.000497995
-0.000499009
-0.000500023
-0.000501038
-0.000502052
-0.000503067
-0.000504081
-0.000505095
-0.00050611
-0.000507124
-0.000508138
-0.000509153
-0.000510167
-0.000511182
-0.000512196
-0.00051321
-0.000514225
-0.000515239
-0.000516253
-0.000517268
-0.000518282
-0.000519297
-0.000520311
-0.000521325
-0.00052234
-0.000523354
-0.000524368
-0.000525383
-0.000526397
-0.000527411
-0.000528426
-0.00052944
-0.000530455
-0.000531469
-0.000532483
-0.000533498
-0.000534512
-0.000535526
-0.000536541
-0.000537555
-0.00053857
-0.000539584
-0.000540598
-0.000541613
-0.000542627
-0.000543641
-0.000544656
-0.00054567
-0.000546684
-0.000547699
-0.000548713
-0.000549728
-0.000550742
-0.000551756
-0.000552771
-0.000553785
-0.000554799
-0.000555814
-0.000556828
-0.000557843
-0.000558857
-0.000559871
-0.000560886
-0.0005619
-0.000562914
-0.000563929
-0.000564943
-0.000565957
-0.000566972
-0.000567986
-0.000569001
-0.000570015
-0.000571029
-0.000572044
-0.000573058
-0.000574072
-0.000575087
-0.000576101
-0.000577115
-0.00057813
-0.000579144
-0.000580159
-0.000581173
-0.000582187
-0.000583202
-0.000584216
-0.00058523
-0.000586245
-0.000587259
-0.000588273
-0.000589288
-0.000590302
-0.000591316
-0.000592331
-0.000593345
-0.00059436
-0.000595374
-0.000596388
-0.000597403
-0.000598417
-0.000599431
-0.000600446
-0.00060146
-0.000602474
-0.000603489
-0.000604503
-0.000605517
-0.000606532
-0.000607546
-0.000608561
-0.000609575
-0.000610589
-0.000611604
-0.000612618
-0.000613632
-0.000614647
-0.000615661
-0.000616675
-0.00061769
-0.000618704
-0.000619718
-0.000620733
-0.000621747
-0.000622762
-0.000623776
-0.00062479
-0.000625805
-0.000626819
-0.000627833
-0.000628848
-0.000629862
-0.000630876
-0.000631891
-0.000632905
-0.000633919
-0.000634934
-0.000635948
-0.000636962
-0.000637977
-0.000638991
-0.000640005
-0.00064102
-0.000642034
-0.000643049
-0.000644063
-0.000645468
-0.00064737
-0.00064927
-0.00065117
-0.00065307
-0.00065497
-0.000656871
-0.000658772
-0.000660673
-0.000662574
-0.000647131
-0.000631688
-0.000616246
-0.000600803
-0.00058536
-0.000569917
-0.000554475
-0.000539032
-0.000523589
-0.000508146
-0.000492704
-0.000477261
-0.000461818
-0.000446375
-0.000430933
-0.00041549
-0.000400047
-0.000384604
-0.000369162
-0.000353719
-0.000338276
-0.000322833
-0.000307391
-0.000291948
-0.000276505
-0.000261062
-0.00024562
-0.000230177
-0.000214734
-0.000199291
-0.000183848
-0.000168406
-0.000152963
-0.00013752
-0.000122077
-0.000106635
-9.11918e-05
-7.5749e-05
-6.03062e-05
-4.48634e-05
-2.94206e-05
-1.39778e-05
-1.79835e-06
4.96972e-06
1.17378e-05
1.85058e-05
2.52738e-05
3.20419e-05
3.88099e-05
4.5578e-05
5.2346e-05
5.91141e-05
6.58821e-05
7.26502e-05
7.94182e-05
8.61863e-05
9.29543e-05
9.97224e-05
0.00010649
0.000113258
0.000120027
0.000126795
0.000133563
0.000140331
0.000147099
0.000153867
0.000160635
0.000167403
0.000174171
0.000180939
0.000187707
0.000194475
0.000201243
0.000208011
0.000214779
0.000221547
0.000228315
0.000235084
0.000241852
0.00024862
0.000255388
0.000262156
0.000268924
0.000275692
0.00028246
0.000289228
0.000295996
0.000302764
0.000309532
0.0003163
0.000323068
0.000329836
0.000336605
0.000343373
0.000350141
0.000356909
0.000363677
0.000370445
0.000377213
0.000383981
0.000390749
0.000397517
0.000404285
0.000411053
0.000417821
0.00042459
0.000431358
0.000438126
0.000444894
0.000451662
0.00045843
0.000465198
0.000471966
0.000478734
0.000485502
0.000489786
0.000490801
0.000491815
0.00049283
0.000493845
0.00049486
0.000495875
0.00049689
0.000497905
0.00049892
0.000499935
0.00050095
0.000501965
0.00050298
0.000503994
0.000505009
0.000506024
0.000507039
0.000508054
0.000509069
0.000510084
0.000511099
0.000512114
0.000513129
0.000514142
0.000515156
0.00051617
0.000517184
0.000518197
0.000519211
0.000520225
0.000521238
0.000522252
0.000523266
0.00052428
0.000525293
0.000526307
0.000527321
0.000528334
0.000529348
0.000530362
0.000531376
0.000532389
0.000533403
0.000534417
0.00053543
0.000536444
0.000537458
0.000538472
0.000539485
0.000540499
0.000541513
0.000542526
0.00054354
0.000544554
0.000545568
0.000546581
0.000547595
0.000548609
0.000549622
0.000550636
0.00055165
0.000552664
0.000553677
0.000554691
0.000555705
0.000556718
0.000557732
0.000558746
0.00055976
0.000560773
0.000561787
0.000562801
0.000563814
0.000564828
0.000565842
0.000566856
0.000567869
0.000568883
0.000569897
0.00057091
0.000571924
0.000572938
0.000573952
0.000574965
0.000575979
0.000576993
0.000578006
0.00057902
0.000580034
0.000581048
0.000582061
0.000583075
0.000584089
0.000585103
0.000586116
0.00058713
0.000588144
0.000589157
0.000590171
0.000591185
0.000592199
0.000593212
0.000594226
0.00059524
0.000596253
0.000597267
0.000598281
0.000599295
0.000600308
0.000601322
0.000602336
0.00060335
0.000604363
0.000605377
0.000606391
0.000607404
0.000608418
0.000609432
0.000610446
0.000611459
0.000612473
0.000613487
0.000614501
0.000615514
0.000616528
0.000617542
0.000618555
0.000619569
0.000620583
0.000621597
0.00062261
0.000623624
0.000624638
0.000625652
0.000626665
0.000627679
0.000628693
0.000629706
0.00063072
0.000631734
0.000632748
0.000633761
0.000634775
0.000635789
0.000636803
0.000637816
0.00063883
0.000639844
0.000640857
0.000641871
0.000642885
0.000643899
0.000645346
0.000647213
0.000649091
0.000650968
0.000652845
0.000654722
0.000656599
0.000658476
0.000660353
0.000662229
0.000666227
0.000888948
0.00110126
0.00131358
0.00152589
0.00173821
0.00195052
0.00216284
0.00237515
0.00258747
0.00279978
0.0030121
0.00322441
0.00343673
0.00364904
0.00386135
0.00407367
0.00428598
0.0044983
0.00471061
0.00492292
0.00513524
0.00534755
0.00555987
0.00577218
0.00598449
0.00619681
0.00640912
0.00639365
0.00637819
0.00636272
0.00634725
0.00633178
0.00631632
0.00630085
0.00628538
0.00626991
0.00625445
0.00623898
0.00622351
0.00620804
0.00619258
0.00617711
0.00616164
0.00614617
0.00613071
0.00611524
0.00609977
0.00608431
0.00606884
0.00605337
0.0060379
0.00602244
0.00600697
0.0059915
0.00597603
0.00596057
0.0059451
0.00592963
0.00591416
0.0058987
0.00588323
0.00586776
0.00585229
0.00583683
0.00582136
0.00580589
0.00579043
0.00577496
0.00575949
0.00574402
0.00572856
0.00571782
0.00571129
0.00570475
0.00569821
0.00569168
0.00568514
0.00567861
0.00567207
0.00566554
0.005659
0.00565247
0.00564593
0.0056394
0.00563286
0.00562633
0.00561979
0.00561325
0.00560672
0.00560018
0.00559365
0.00558711
0.00558058
0.00557404
0.00556751
0.00556097
0.00555444
0.0055479
0.00554137
0.00553483
0.0055283
0.00552176
0.00551522
0.00550869
0.00550215
0.00549562
0.00548908
0.00548255
0.00547601
0.00546948
0.00546294
0.00545641
0.00544987
0.00544334
0.0054368
0.00543026
0.00542373
0.00541719
0.00541066
0.00540412
0.00539759
0.00539105
0.00538452
0.00537798
0.00537145
0.00536491
0.00535838
0.00535184
0.00534531
0.00533877
0.00533223
0.0053257
0.00531916
0.00531263
0.00530609
0.00529956
0.00529302
0.00528649
0.00527995
0.00527342
0.00526688
0.00526035
0.00525381
0.00524728
0.00524074
0.0052342
0.00522767
0.00522543
0.00522446
0.00522349
0.00522253
0.00522156
0.00522059
0.00521963
0.00521866
0.00521769
0.00521672
0.00521576
0.00521479
0.00521382
0.00521285
0.00521189
0.00521092
0.00520995
0.00520898
0.00520802
0.00520705
0.00520608
0.00520512
0.00520415
0.00520318
0.00520221
0.00520125
0.00520028
0.00519931
0.00519834
0.00519738
0.00519641
0.00519544
0.00519447
0.00519351
0.00519254
0.00519157
0.0051906
0.00518964
0.00518867
0.0051877
0.00518674
0.00518577
0.0051848
0.00518383
0.00518287
0.0051819
0.00518093
0.00517996
0.005179
0.00517803
0.00517706
0.00517609
0.00517513
0.00517416
0.00517319
0.00517223
0.00517126
0.00517029
0.00516932
0.00516836
0.00516739
0.00516642
0.00516545
0.00516449
0.00516352
0.00516255
0.00516158
0.00516062
0.00515965
0.00515868
0.00515772
0.00515675
0.00515578
0.00515481
0.00515385
0.00515288
0.00515191
0.00515094
0.00514998
0.00514901
0.00514804
0.00514707
0.00514611
0.00514514
0.00514417
0.0051432
0.00514224
0.00514127
0.0051403
0.00513934
0.00513837
0.0051374
0.00513643
0.00513547
0.0051345
0.00513353
0.00513256
0.0051316
0.00513063
0.00512966
0.00512869
0.00512773
0.00512676
0.00512579
0.00512483
0.00512386
0.00512289
0.00512192
0.00512096
0.00511999
0.00511902
0.00511805
0.00511709
0.00511612
0.00511515
0.00511418
0.00511322
0.00511225
0.00511128
0.00511032
0.00510935
0.00510838
0.00510741
0.00510645
0.00510548
0.00510451
0.00510354
0.00510258
0.00510161
0.00509994
0.00509812
0.00509631
0.0050945
0.00509269
0.00509088
0.00508906
0.00508725
0.00508544
0.00508363
0.00508181
0.00508
0.00507819
0.00502336
0.00488625
0.00474916
0.00461207
0.00447498
0.00433789
0.0042008
0.00406371
0.00392662
0.00378953
0.00365243
0.00351534
0.00337825
0.00324116
0.00310407
0.00296698
0.00282988
0.00269279
0.0025557
0.00241861
0.00228152
0.00214442
0.00200733
0.00187024
0.00173315
0.00159606
0.00145896
0.00132187
0.00118478
0.00104768
0.000910592
0.000773499
0.000636406
0.000499313
0.00036222
0.000225127
8.80334e-05
-4.906e-05
-0.000186153
-0.000323247
-0.00046034
-0.000597434
-0.000734528
-0.000871622
-0.00100872
-0.00120677
-0.00141958
-0.00163239
-0.0018452
-0.002058
-0.00227081
-0.00248362
-0.00269643
-0.00290924
-0.00312205
-0.00333485
-0.00354766
-0.00376047
-0.00397328
-0.00418609
-0.0043989
-0.00461171
-0.00482452
-0.00503733
-0.00525013
-0.00546294
-0.00567575
-0.00588856
-0.00610137
-0.00631418
-0.00652699
-0.0067398
-0.00672424
-0.00670869
-0.00669313
-0.00667758
-0.00666202
-0.00664646
-0.00663091
-0.00661535
-0.0065998
-0.00658424
-0.00656868
-0.00655313
-0.00653757
-0.00652202
-0.00650646
-0.0064909
-0.00647535
-0.00645979
-0.00644424
-0.00642868
-0.00641312
-0.00639757
-0.00638201
-0.00636646
-0.0063509
-0.00633534
-0.00631979
-0.00630423
-0.00628868
-0.00627312
-0.00625756
-0.00624201
-0.00622645
-0.0062109
-0.00619534
-0.00617978
-0.00616423
-0.00614867
-0.00613312
-0.00611756
-0.006102
-0.00608645
-0.00607089
-0.00605534
-0.00604559
-0.00603905
-0.00603251
-0.00602596
-0.00601942
-0.00601288
-0.00600634
-0.0059998
-0.00599326
-0.00598672
-0.00598018
-0.00597364
-0.0059671
-0.00596056
-0.00595402
-0.00594747
-0.00594093
-0.00593439
-0.00592785
-0.00592131
-0.00591477
-0.00590823
-0.00590169
-0.00589515
-0.00588861
-0.00588207
-0.00587552
-0.00586898
-0.00586244
-0.0058559
-0.00584936
-0.00584282
-0.00583628
-0.00582974
-0.0058232
-0.00581666
-0.00581012
-0.00580357
-0.00579703
-0.00579049
-0.00578395
-0.00577741
-0.00577087
-0.00576433
-0.00575779
-0.00575125
-0.00574471
-0.00573817
-0.00573162
-0.00572508
-0.00571854
-0.005712
-0.00570546
-0.00569892
-0.00569238
-0.00568584
-0.0056793
-0.00567276
-0.00566622
-0.00565967
-0.00565313
-0.00564659
-0.00564005
-0.00563351
-0.00562697
-0.00562043
-0.00561389
-0.00560735
-0.00560081
-0.00559427
-0.00558772
-0.00558118
-0.00557464
-0.0055681
-0.00556156
-0.00555502
-0.00554848
-0.00554194
-0.0055354
-0.00553054
-0.00552957
-0.00552861
-0.00552764
-0.00552667
-0.0055257
-0.00552474
-0.00552377
-0.0055228
-0.00552184
-0.00552087
-0.0055199
-0.00551893
-0.00551797
-0.005517
-0.00551603
-0.00551506
-0.0055141
-0.00551313
-0.00551216
-0.00551119
-0.00551023
-0.00550926
-0.00550829
-0.00550733
-0.00550636
-0.00550539
-0.00550442
-0.00550346
-0.00550249
-0.00550152
-0.00550055
-0.00549959
-0.00549862
-0.00549765
-0.00549669
-0.00549572
-0.00549475
-0.00549378
-0.00549282
-0.00549185
-0.00549088
-0.00548991
-0.00548895
-0.00548798
-0.00548701
-0.00548604
-0.00548508
-0.00548411
-0.00548314
-0.00548218
-0.00548121
-0.00548024
-0.00547927
-0.00547831
-0.00547734
-0.00547637
-0.0054754
-0.00547444
-0.00547347
-0.0054725
-0.00547154
-0.00547057
-0.0054696
-0.00546863
-0.00546767
-0.0054667
-0.00546573
-0.00546476
-0.0054638
-0.00546283
-0.00546186
-0.00546089
-0.00545993
-0.00545896
-0.00545799
-0.00545703
-0.00545606
-0.00545509
-0.00545412
-0.00545316
-0.00545219
-0.00545122
-0.00545025
-0.00544929
-0.00544832
-0.00544735
-0.00544639
-0.00544542
-0.00544445
-0.00544348
-0.00544252
-0.00544155
-0.00544058
-0.00543961
-0.00543865
-0.00543768
-0.00543671
-0.00543574
-0.00543478
-0.00543381
-0.00543284
-0.00543188
-0.00543084
-0.00542904
-0.00542725
-0.00542545
-0.00542365
-0.00542185
-0.00542005
-0.00541825
-0.00541645
-0.00541465
-0.00541286
-0.00541106
-0.00540926
-0.00540746
-0.00535739
-0.00522049
-0.0050836
-0.00494671
-0.00480982
-0.00467292
-0.00453603
-0.00439914
-0.00426225
-0.00412536
-0.00398847
-0.00385158
-0.00371469
-0.0035778
-0.00344091
-0.00330402
-0.00316713
-0.00303024
-0.00289335
-0.00275646
-0.00261957
-0.00248269
-0.0023458
-0.00220891
-0.00207202
-0.00193513
-0.00179824
-0.00166135
-0.00152446
-0.00138757
-0.00125068
-0.0011138
-0.000976907
-0.000840019
-0.00070313
-0.000566242
-0.000429354
-0.000292465
-0.000155577
-1.86892e-05
0.000118199
0.000255087
0.000391975
0.000528862
0.00066575
0.000802638
0.000939525
0.00107641
0.0012133
0.00135019
0.00148707
0.00162396
0.00176085
0.00189774
0.00203462
0.00217151
0.0023084
0.00244528
0.00258217
0.00271906
0.00285594
0.00299283
0.00312972
0.0032666
0.00340349
0.00354037
0.00367726
0.00381415
0.00395103
0.00408792
0.0042248
0.00436169
0.00449857
0.00463546
0.00477235
0.00490923
0.00504612
0.005183
0.00531989
0.00545677
0.00559366
0.00573054
0.00586743
0.00600431
0.0061412
0.00627808
0.00641497
0.00655185
0.00668873
0.00682562
0.0069625
0.00709939
0.00723627
0.00737316
0.0073575
0.00734185
0.0073262
0.00731055
0.0072949
0.00727924
0.00726359
0.00724794
0.00723229
0.00721664
0.00720098
0.00718533
0.00716968
0.00715403
0.00713838
0.00712272
0.00710707
0.00709142
0.00707577
0.00706012
0.00704446
0.00702881
0.00701316
0.00699751
0.00698186
0.00696621
0.00695055
0.0069349
0.00691925
0.0069036
0.00688795
0.00687229
0.00685664
0.00684099
0.00682534
0.00680969
0.00679403
0.00677838
0.00676273
0.00674708
0.00673143
0.00671577
0.00670012
0.00668447
0.00667483
0.00666821
0.00666159
0.00665498
0.00664836
0.00664174
0.00663512
0.0066285
0.00662188
0.00661526
0.00660864
0.00660202
0.0065954
0.00658878
0.00658216
0.00657554
0.00656892
0.0065623
0.00655568
0.00654906
0.00654244
0.00653582
0.0065292
0.00652258
0.00651596
0.00650934
0.00650272
0.00649611
0.00648949
0.00648287
0.00647625
0.00646963
0.00646301
0.00645639
0.00644977
0.00644315
0.00643653
0.00642991
0.00642329
0.00641667
0.00641005
0.00640343
0.00639681
0.00639019
0.00638357
0.00637695
0.00637033
0.00636371
0.00635709
0.00635047
0.00634386
0.00633724
0.00633062
0.006324
0.00631738
0.00631076
0.00630414
0.00629752
0.0062909
0.00628428
0.00627766
0.00627104
0.00626442
0.0062578
0.00625118
0.00624456
0.00623794
0.00623132
0.0062247
0.00621808
0.00621146
0.00620484
0.00619822
0.00619161
0.00618499
0.00617837
0.00617175
0.00616513
0.00615851
0.00615745
0.00615647
0.00615549
0.00615451
0.00615353
0.00615255
0.00615157
0.00615059
0.00614961
0.00614863
0.00614765
0.00614667
0.00614569
0.00614471
0.00614373
0.00614275
0.00614177
0.00614079
0.00613981
0.00613883
0.00613785
0.00613687
0.00613589
0.00613491
0.00613393
0.00613295
0.00613197
0.00613099
0.00613001
0.00612903
0.00612805
0.00612707
0.00612609
0.00612511
0.00612413
0.00612315
0.00612217
0.00612119
0.00612021
0.00611923
0.00611825
0.00611726
0.00611628
0.0061153
0.00611432
0.00611334
0.00611236
0.00611138
0.0061104
0.00610942
0.00610844
0.00610746
0.00610648
0.0061055
0.00610452
0.00610354
0.00610256
0.00610158
0.0061006
0.00609962
0.00609864
0.00609766
0.00609668
0.0060957
0.00609472
0.00609374
0.00609276
0.00609178
0.0060908
0.00608982
0.00608884
0.00608786
0.00608688
0.0060859
0.00608492
0.00608394
0.00608296
0.00608198
0.006081
0.00608002
0.00607904
0.00607806
0.00607708
0.0060761
0.00607512
0.00607414
0.00607316
0.00607218
0.0060712
0.00607022
0.00606924
0.00606826
0.00606727
0.00606629
0.00606531
0.00606433
0.00606335
0.00606176
0.00605992
0.00605809
0.00605625
0.00605442
0.00605258
0.00605075
0.00604891
0.00604708
0.00604524
0.00604341
0.00604157
0.00603974
0.00602264
0.00588452
0.00574641
0.00560829
0.00547017
0.00533205
0.00519394
0.00505582
0.0049177
0.00477958
0.00464147
0.00450335
0.00436523
0.00422711
0.00408899
0.00395088
0.00381276
0.00367464
0.00353652
0.0033984
0.00326029
0.00312217
0.00298405
0.00284593
0.00270781
0.00256969
0.00243157
0.00229345
0.00215534
0.00201722
0.0018791
0.00174098
0.00160286
0.00146474
0.00132662
0.0011885
0.00105038
0.000912261
0.000774141
0.000636021
0.000497901
0.000359781
0.000221661
8.35406e-05
-5.45797e-05
-0.0001927
-0.00033082
-0.000468941
-0.000607061
-0.000745182
-0.000883303
-0.00102142
-0.00115954
-0.00129767
-0.00143579
-0.00157391
-0.00171203
-0.00185015
-0.00198827
-0.00212639
-0.00226451
-0.00240264
-0.00254076
-0.00267888
-0.002817
-0.00295512
-0.00309324
-0.00323137
-0.00336949
-0.00350761
-0.00364573
-0.00378386
-0.00392198
-0.0040601
-0.00419822
-0.00433635
-0.00447447
-0.00461259
-0.00475071
-0.00488884
-0.00502696
-0.00516508
-0.00530321
-0.00544133
-0.00557945
-0.00571758
-0.0058557
-0.00599382
-0.00613195
-0.00627007
-0.00640819
-0.00654632
-0.00668444
-0.00682257
-0.00696069
-0.00709881
-0.00723694
-0.00737506
-0.00751319
-0.00765131
-0.00778944
-0.00777368
-0.00775792
-0.00774216
-0.00772641
-0.00771065
-0.00769489
-0.00767914
-0.00766338
-0.00764762
-0.00763186
-0.00761611
-0.00760035
-0.00758459
-0.00756884
-0.00755308
-0.00753732
-0.00752156
-0.00750581
-0.00749005
-0.00747429
-0.00745854
-0.00744278
-0.00742702
-0.00741126
-0.00739551
-0.00737975
-0.00736399
-0.00734824
-0.00733248
-0.00731672
-0.00730096
-0.00728521
-0.00726945
-0.00725369
-0.00723794
-0.00722218
-0.00720642
-0.00719066
-0.00717491
-0.00715915
-0.00714339
-0.00712764
-0.00711188
-0.00709612
-0.00708757
-0.00708089
-0.0070742
-0.00706752
-0.00706084
-0.00705416
-0.00704747
-0.00704079
-0.00703411
-0.00702743
-0.00702074
-0.00701406
-0.00700738
-0.0070007
-0.00699401
-0.00698733
-0.00698065
-0.00697397
-0.00696728
-0.0069606
-0.00695392
-0.00694723
-0.00694055
-0.00693387
-0.00692719
-0.0069205
-0.00691382
-0.00690714
-0.00690046
-0.00689377
-0.00688709
-0.00688041
-0.00687373
-0.00686704
-0.00686036
-0.00685368
-0.006847
-0.00684031
-0.00683363
-0.00682695
-0.00682027
-0.00681358
-0.0068069
-0.00680022
-0.00679354
-0.00678685
-0.00678017
-0.00677349
-0.00676681
-0.00676012
-0.00675344
-0.00674676
-0.00674008
-0.00673339
-0.00672671
-0.00672003
-0.00671335
-0.00670666
-0.00669998
-0.0066933
-0.00668662
-0.00667993
-0.00667325
-0.00666657
-0.00665989
-0.0066532
-0.00664652
-0.00663984
-0.00663315
-0.00662647
-0.00661979
-0.00661311
-0.00660642
-0.00659974
-0.00659306
-0.00658638
-0.00657969
-0.00657301
-0.00656682
-0.00656582
-0.00656483
-0.00656384
-0.00656285
-0.00656186
-0.00656087
-0.00655988
-0.00655889
-0.0065579
-0.0065569
-0.00655591
-0.00655492
-0.00655393
-0.00655294
-0.00655195
-0.00655096
-0.00654997
-0.00654897
-0.00654798
-0.00654699
-0.006546
-0.00654501
-0.00654402
-0.00654303
-0.00654204
-0.00654105
-0.00654005
-0.00653906
-0.00653807
-0.00653708
-0.00653609
-0.0065351
-0.00653411
-0.00653312
-0.00653212
-0.00653113
-0.00653014
-0.00652915
-0.00652816
-0.00652717
-0.00652618
-0.00652519
-0.0065242
-0.0065232
