0
-1.21949e-05
-2.43898e-05
-3.65847e-05
-4.87795e-05
-6.09744e-05
-7.31692e-05
-8.5364e-05
-9.75589e-05
-0.000109754
-0.000121948
-0.000109754
-9.75589e-05
-8.5364e-05
-7.31692e-05
-6.09744e-05
-4.87795e-05
-3.65847e-05
-2.43898e-05
-1.21949e-05
-1.53683e-21
1.21949e-05
2.43898e-05
3.65848e-05
4.87798e-05
6.09747e-05
7.31697e-05
8.53647e-05
9.75597e-05
0.000109755
0.00012195
0.000109755
9.75597e-05
8.53647e-05
7.31697e-05
6.09747e-05
4.87798e-05
3.65848e-05
2.43898e-05
1.21949e-05
1.37663e-20
-1.21949e-05
-2.43898e-05
-3.65847e-05
-4.87795e-05
-6.09744e-05
-7.31692e-05
-8.5364e-05
-9.75589e-05
-0.000109754
-0.000121948
-0.000109754
-9.75589e-05
-8.5364e-05
-7.31692e-05
-6.09744e-05
-4.87795e-05
-3.65847e-05
-2.43898e-05
-1.21949e-05
2.14772e-20
1.21949e-05
2.43898e-05
3.65848e-05
4.87798e-05
6.09747e-05
7.31697e-05
8.53647e-05
9.75597e-05
0.000109755
0.00012195
0.000109755
9.75597e-05
8.53647e-05
7.31697e-05
6.09747e-05
4.87798e-05
3.65848e-05
2.43898e-05
1.21949e-05
1.12859e-20
-1.21949e-05
-2.43898e-05
-3.65847e-05
-4.87795e-05
-6.09744e-05
-7.31692e-05
-8.5364e-05
-9.75589e-05
-0.000109754
-0.000121948
-0.000109754
-9.75589e-05
-8.5364e-05
-7.31692e-05
-6.09744e-05
-4.87795e-05
-3.65847e-05
-2.43898e-05
-1.21949e-05
1.92088e-20
1.21949e-05
2.43898e-05
3.65848e-05
4.87798e-05
6.09747e-05
7.31697e-05
8.53647e-05
9.75597e-05
0.000109755
0.00012195
0.000109755
9.75597e-05
8.53647e-05
7.31697e-05
6.09747e-05
4.87798e-05
3.65848e-05
2.43898e-05
1.21949e-05
2.55283e-20
-1.21949e-05
-2.43898e-05
-3.65847e-05
-4.87795e-05
-6.09744e-05
-7.31692e-05
-8.5364e-05
-9.75589e-05
-0.000109754
-0.000121948
-0.000109754
-9.75589e-05
-8.5364e-05
-7.31692e-05
-6.09744e-05
-4.87795e-05
-3.65847e-05
-2.43898e-05
-1.21949e-05
2.77453e-20
1.21949e-05
2.43898e-05
3.65848e-05
4.87798e-05
6.09747e-05
7.31697e-05
8.53647e-05
9.75597e-05
0.000109755
0.00012195
0.000109755
9.75597e-05
8.53647e-05
7.31697e-05
6.09747e-05
4.87798e-05
3.65848e-05
2.43898e-05
1.21949e-05
1.378e-20
-1.21949e-05
-2.43898e-05
-3.65847e-05
-4.87795e-05
-6.09744e-05
-7.31692e-05
-8.5364e-05
-9.75589e-05
-0.000109754
-0.000121948
-0.000109754
-9.75589e-05
-8.5364e-05
-7.31692e-05
-6.09744e-05
-4.87795e-05
-3.65847e-05
-2.43898e-05
-1.21949e-05
1.15107e-20
1.21949e-05
2.43898e-05
3.65848e-05
4.87798e-05
6.09747e-05
7.31697e-05
8.53647e-05
9.75597e-05
0.000109755
0.00012195
0.000109755
9.75597e-05
8.53647e-05
7.31697e-05
6.09747e-05
4.87798e-05
3.65848e-05
2.43898e-05
1.21949e-05
1.41233e-20
-1.21949e-05
-2.43898e-05
-3.65847e-05
-4.87795e-05
-6.09744e-05
-7.31692e-05
-8.5364e-05
-9.75589e-05
-0.000109754
-0.000121948
-0.000109754
-9.75589e-05
-8.5364e-05
-7.31692e-05
-6.09744e-05
-4.87795e-05
-3.65847e-05
-2.43898e-05
-1.21949e-05
1.53277e-20
1.21949e-05
2.43898e-05
3.65848e-05
4.87798e-05
6.09747e-05
7.31697e-05
8.53647e-05
9.75597e-05
0.000109755
0.00012195
0.000109755
9.75597e-05
8.53647e-05
7.31697e-05
6.09747e-05
4.87798e-05
3.65848e-05
2.43898e-05
1.21949e-05
2.80302e-20
-1.25076e-05
-2.50152e-05
-3.75227e-05
-5.00303e-05
-6.25378e-05
-7.50454e-05
-8.75529e-05
-0.00010006
-0.000112568
-0.000125075
-0.000137583
-0.00015009
-0.000162598
-0.00015009
-0.000137583
-0.000125075
-0.000112568
-0.00010006
-8.75529e-05
-7.50454e-05
-6.25378e-05
-5.00303e-05
-3.75227e-05
-2.50152e-05
-1.25076e-05
3.45515e-20
1.25076e-05
2.50152e-05
3.75229e-05
5.00305e-05
6.25382e-05
7.50459e-05
8.75536e-05
0.000100061
0.000112569
0.000125077
0.000137584
0.000150092
0.0001626
0.000150092
0.000137584
0.000125077
0.000112569
0.000100061
8.75536e-05
7.50459e-05
6.25382e-05
5.00305e-05
3.75229e-05
2.50152e-05
1.25076e-05
3.04413e-20
-1.25076e-05
-2.50152e-05
-3.75227e-05
-5.00303e-05
-6.25378e-05
-7.50454e-05
-8.75529e-05
-0.00010006
-0.000112568
-0.000125075
-0.000137583
-0.00015009
-0.000162598
-0.00015009
-0.000137583
-0.000125075
-0.000112568
-0.00010006
-8.75529e-05
-7.50454e-05
-6.25378e-05
-5.00303e-05
-3.75227e-05
-2.50152e-05
-1.25076e-05
2.19995e-20
1.25076e-05
2.50152e-05
3.75229e-05
5.00305e-05
6.25382e-05
7.50459e-05
8.75536e-05
0.000100061
0.000112569
0.000125077
0.000137584
0.000150092
0.0001626
0.000150092
0.000137584
0.000125077
0.000112569
0.000100061
8.75536e-05
7.50459e-05
6.25382e-05
5.00305e-05
3.75229e-05
2.50152e-05
1.25076e-05
2.07646e-20
-1.25076e-05
-2.50152e-05
-3.75227e-05
-5.00303e-05
-6.25378e-05
-7.50454e-05
-8.75529e-05
-0.00010006
-0.000112568
-0.000125075
-0.000137583
-0.00015009
-0.000162598
-0.00015009
-0.000137583
-0.000125075
-0.000112568
-0.00010006
-8.75529e-05
-7.50454e-05
-6.25378e-05
-5.00303e-05
-3.75227e-05
-2.50152e-05
-1.25076e-05
2.7131e-20
1.25076e-05
2.50152e-05
3.75229e-05
5.00305e-05
6.25382e-05
7.50459e-05
8.75536e-05
0.000100061
0.000112569
0.000125077
0.000137584
0.000150092
0.0001626
0.000150092
0.000137584
0.000125077
0.000112569
0.000100061
8.75536e-05
7.50459e-05
6.25382e-05
5.00305e-05
3.75229e-05
2.50152e-05
1.25076e-05
3.58222e-20
-1.25076e-05
-2.50152e-05
-3.75227e-05
-5.00303e-05
-6.25378e-05
-7.50454e-05
-8.75529e-05
-0.00010006
-0.000112568
-0.000125075
-0.000137583
-0.00015009
-0.000162598
-0.00015009
-0.000137583
-0.000125075
-0.000112568
-0.00010006
-8.75529e-05
-7.50454e-05
-6.25378e-05
-5.00303e-05
-3.75227e-05
-2.50152e-05
-1.25076e-05
3.40507e-20
1.25076e-05
2.50152e-05
3.75229e-05
5.00305e-05
6.25382e-05
7.50459e-05
8.75536e-05
0.000100061
0.000112569
0.000125077
0.000137584
0.000150092
0.0001626
0.000150092
0.000137584
0.000125077
0.000112569
0.000100061
8.75536e-05
7.50459e-05
6.25382e-05
5.00305e-05
3.75229e-05
2.50152e-05
1.25076e-05
2.00134e-20
-1.25076e-05
-2.50152e-05
-3.75227e-05
-5.00303e-05
-6.25378e-05
-7.50454e-05
-8.75529e-05
-0.00010006
-0.000112568
-0.000125075
-0.000137583
-0.00015009
-0.000162598
-0.00015009
-0.000137583
-0.000125075
-0.000112568
-0.00010006
-8.75529e-05
-7.50454e-05
-6.25378e-05
-5.00303e-05
-3.75227e-05
-2.50152e-05
-1.25076e-05
2.37251e-20
1.25076e-05
2.50152e-05
3.75229e-05
5.00305e-05
6.25382e-05
7.50459e-05
8.75536e-05
0.000100061
0.000112569
0.000125077
0.000137584
0.000150092
0.0001626
0.000150092
0.000137584
0.000125077
0.000112569
0.000100061
8.75536e-05
7.50459e-05
6.25382e-05
5.00305e-05
3.75229e-05
2.50152e-05
1.25076e-05
2.00925e-20
-1.25076e-05
-2.50152e-05
-3.75227e-05
-5.00303e-05
-6.25378e-05
-7.50454e-05
-8.75529e-05
-0.00010006
-0.000112568
-0.000125075
-0.000137583
-0.00015009
-0.000162598
-0.00015009
-0.000137583
-0.000125075
-0.000112568
-0.00010006
-8.75529e-05
-7.50454e-05
-6.25378e-05
-5.00303e-05
-3.75227e-05
-2.50152e-05
-1.25076e-05
2.53499e-20
1.25076e-05
2.50152e-05
3.75229e-05
5.00305e-05
6.25382e-05
7.50459e-05
8.75536e-05
0.000100061
0.000112569
0.000125077
0.000137584
0.000150092
0.0001626
0.000150092
0.000137584
0.000125077
0.000112569
0.000100061
8.75536e-05
7.50459e-05
6.25382e-05
5.00305e-05
3.75229e-05
2.50152e-05
1.25076e-05
2.88235e-20
-1.21949e-05
-2.43898e-05
-3.65847e-05
-4.87795e-05
-6.09744e-05
-7.31692e-05
-8.5364e-05
-9.75589e-05
-0.000109754
-0.000121948
-0.000134143
-0.000146338
-0.000158533
-0.000170727
-0.000182922
-0.000195117
-0.000207312
-0.000219506
-0.000231701
-0.000243896
-0.000231701
-0.000219506
-0.000207312
-0.000195117
-0.000182922
-0.000170727
-0.000158533
-0.000146338
-0.000134143
-0.000121948
-0.000109754
-9.75589e-05
-8.5364e-05
-7.31692e-05
-6.09744e-05
-4.87795e-05
-3.65847e-05
-2.43898e-05
-1.21949e-05
5.63265e-20
1.21949e-05
2.43898e-05
3.65848e-05
4.87798e-05
6.09747e-05
7.31697e-05
8.53647e-05
9.75597e-05
0.000109755
0.00012195
0.000134145
0.00014634
0.000158535
0.00017073
0.000182925
0.00019512
0.000207315
0.000219511
0.000231706
0.000243901
0.000231706
0.000219511
0.000207315
0.00019512
0.000182925
0.00017073
0.000158535
0.00014634
0.000134145
0.00012195
0.000109755
9.75597e-05
8.53647e-05
7.31697e-05
6.09747e-05
4.87798e-05
3.65848e-05
2.43898e-05
1.21949e-05
5.0148e-20
-1.21949e-05
-2.43898e-05
-3.65847e-05
-4.87795e-05
-6.09744e-05
-7.31692e-05
-8.5364e-05
-9.75589e-05
-0.000109754
-0.000121948
-0.000134143
-0.000146338
-0.000158533
-0.000170727
-0.000182922
-0.000195117
-0.000207312
-0.000219506
-0.000231701
-0.000243896
-0.000231701
-0.000219506
-0.000207312
-0.000195117
-0.000182922
-0.000170727
-0.000158533
-0.000146338
-0.000134143
-0.000121948
-0.000109754
-9.75589e-05
-8.5364e-05
-7.31692e-05
-6.09744e-05
-4.87795e-05
-3.65847e-05
-2.43898e-05
-1.21949e-05
4.80612e-20
1.21949e-05
2.43898e-05
3.65848e-05
4.87798e-05
6.09747e-05
7.31697e-05
8.53647e-05
9.75597e-05
0.000109755
0.00012195
0.000134145
0.00014634
0.000158535
0.00017073
0.000182925
0.00019512
0.000207315
0.000219511
0.000231706
0.000243901
0.000231706
0.000219511
0.000207315
0.00019512
0.000182925
0.00017073
0.000158535
0.00014634
0.000134145
0.00012195
0.000109755
9.75597e-05
8.53647e-05
7.31697e-05
6.09747e-05
4.87798e-05
3.65848e-05
2.43898e-05
1.21949e-05
-2.68174e-21
-1.21949e-05
-2.43898e-05
-3.65847e-05
-4.87795e-05
-6.09744e-05
-7.31692e-05
-8.5364e-05
-9.75589e-05
-0.000109754
-0.000121948
-0.000134143
-0.000146338
-0.000158533
-0.000170727
-0.000182922
-0.000195117
-0.000207312
-0.000219506
-0.000231701
-0.000243896
-0.000231701
-0.000219506
-0.000207312
-0.000195117
-0.000182922
-0.000170727
-0.000158533
-0.000146338
-0.000134143
-0.000121948
-0.000109754
-9.75589e-05
-8.5364e-05
-7.31692e-05
-6.09744e-05
-4.87795e-05
-3.65847e-05
-2.43898e-05
-1.21949e-05
-1.89458e-20
1.21949e-05
2.43898e-05
3.65848e-05
4.87798e-05
6.09747e-05
7.31697e-05
8.53647e-05
9.75597e-05
0.000109755
0.00012195
0.000134145
0.00014634
0.000158535
0.00017073
0.000182925
0.00019512
0.000207315
0.000219511
0.000231706
0.000243901
0.000231706
0.000219511
0.000207315
0.00019512
0.000182925
0.00017073
0.000158535
0.00014634
0.000134145
0.00012195
0.000109755
9.75597e-05
8.53647e-05
7.31697e-05
6.09747e-05
4.87798e-05
3.65848e-05
2.43898e-05
1.21949e-05
-2.2701e-20
-1.21949e-05
-2.43898e-05
-3.65847e-05
-4.87795e-05
-6.09744e-05
-7.31692e-05
-8.5364e-05
-9.75589e-05
-0.000109754
-0.000121948
-0.000134143
-0.000146338
-0.000158533
-0.000170727
-0.000182922
-0.000195117
-0.000207312
-0.000219506
-0.000231701
-0.000243896
-0.000231701
-0.000219506
-0.000207312
-0.000195117
-0.000182922
-0.000170727
-0.000158533
-0.000146338
-0.000134143
-0.000121948
-0.000109754
-9.75589e-05
-8.5364e-05
-7.31692e-05
-6.09744e-05
-4.87795e-05
-3.65847e-05
-2.43898e-05
-1.21949e-05
1.52194e-20
1.21949e-05
2.43898e-05
3.65848e-05
4.87798e-05
6.09747e-05
7.31697e-05
8.53647e-05
9.75597e-05
0.000109755
0.00012195
0.000134145
0.00014634
0.000158535
0.00017073
0.000182925
0.00019512
0.000207315
0.000219511
0.000231706
0.000243901
0.000231706
0.000219511
0.000207315
0.00019512
0.000182925
0.00017073
0.000158535
0.00014634
0.000134145
0.00012195
0.000109755
9.75597e-05
8.53647e-05
7.31697e-05
6.09747e-05
4.87798e-05
3.65848e-05
2.43898e-05
1.21949e-05
3.093e-20
-1.21949e-05
-2.43898e-05
-3.65847e-05
-4.87795e-05
-6.09744e-05
-7.31692e-05
-8.5364e-05
-9.75589e-05
-0.000109754
-0.000121948
-0.000134143
-0.000146338
-0.000158533
-0.000170727
-0.000182922
-0.000195117
-0.000207312
-0.000219506
-0.000231701
-0.000243896
-0.000231701
-0.000219506
-0.000207312
-0.000195117
-0.000182922
-0.000170727
-0.000158533
-0.000146338
-0.000134143
-0.000121948
-0.000109754
-9.75589e-05
-8.5364e-05
-7.31692e-05
-6.09744e-05
-4.87795e-05
-3.65847e-05
-2.43898e-05
-1.21949e-05
1.47248e-20
1.21949e-05
2.43898e-05
3.65848e-05
4.87798e-05
6.09747e-05
7.31697e-05
8.53647e-05
9.75597e-05
0.000109755
0.00012195
0.000134145
0.00014634
0.000158535
0.00017073
0.000182925
0.00019512
0.000207315
0.000219511
0.000231706
0.000243901
0.000231706
0.000219511
0.000207315
0.00019512
0.000182925
0.00017073
0.000158535
0.00014634
0.000134145
0.00012195
0.000109755
9.75597e-05
8.53647e-05
7.31697e-05
6.09747e-05
4.87798e-05
3.65848e-05
2.43898e-05
1.21949e-05
-4.69452e-21
-1.21949e-05
-2.43898e-05
-3.65847e-05
-4.87795e-05
-6.09744e-05
-7.31692e-05
-8.5364e-05
-9.75589e-05
-0.000109754
-0.000121948
-0.000134143
-0.000146338
-0.000158533
-0.000170727
-0.000182922
-0.000195117
-0.000207312
-0.000219506
-0.000231701
-0.000243896
-0.000231701
-0.000219506
-0.000207312
-0.000195117
-0.000182922
-0.000170727
-0.000158533
-0.000146338
-0.000134143
-0.000121948
-0.000109754
-9.75589e-05
-8.5364e-05
-7.31692e-05
-6.09744e-05
-4.87795e-05
-3.65847e-05
-2.43898e-05
-1.21949e-05
9.59909e-21
1.21949e-05
2.43898e-05
3.65848e-05
4.87798e-05
6.09747e-05
7.31697e-05
8.53647e-05
9.75597e-05
0.000109755
0.00012195
0.000134145
0.00014634
0.000158535
0.00017073
0.000182925
0.00019512
0.000207315
0.000219511
0.000231706
0.000243901
0.000231706
0.000219511
0.000207315
0.00019512
0.000182925
0.00017073
0.000158535
0.00014634
0.000134145
0.00012195
0.000109755
9.75597e-05
8.53647e-05
7.31697e-05
6.09747e-05
4.87798e-05
3.65848e-05
2.43898e-05
1.21949e-05
-3.42809e-22
-1.20444e-05
-2.40887e-05
-3.6133e-05
-4.81773e-05
-6.02216e-05
-7.22659e-05
-8.43102e-05
-9.63544e-05
-0.000108399
-0.000120443
-0.000132487
-0.000144531
-0.000156576
-0.00016862
-0.000180664
-0.000192708
-0.000204752
-0.000216796
-0.00022884
-0.000240885
-0.000252862
-0.000256719
-0.000260575
-0.000264432
-0.000268289
-0.000272146
-0.000276003
-0.000263959
-0.000251915
-0.000239871
-0.000227827
-0.000215783
-0.000203739
-0.000191695
-0.00017965
-0.000167606
-0.000155562
-0.000143518
-0.000131474
-0.00011943
-0.000107385
-9.53412e-05
-8.3297e-05
-7.12528e-05
-5.92085e-05
-4.71642e-05
-3.512e-05
-2.30757e-05
-1.10313e-05
1.01297e-06
1.30573e-05
2.51017e-05
3.7146e-05
4.91904e-05
6.12348e-05
7.32792e-05
8.53236e-05
9.7368e-05
0.000109412
0.000121457
0.000133501
0.000145546
0.00015759
0.000169635
0.000181679
0.000193724
0.000205768
0.000215484
0.000220826
0.000226169
0.000231511
0.000236853
0.000242195
0.000247537
0.000252867
0.000256725
0.000260582
0.000264439
0.000268296
0.000272154
0.000276011
0.000263966
0.000251922
0.000239877
0.000227832
0.000215788
0.000203743
0.000191699
0.000179654
0.000167609
0.000155565
0.00014352
0.000131476
0.000119431
0.000107387
9.53422e-05
8.32977e-05
7.12533e-05
5.92088e-05
4.71644e-05
3.51199e-05
2.30755e-05
1.10311e-05
-1.01327e-06
-1.30577e-05
-2.5102e-05
-3.71464e-05
-4.91907e-05
-6.1235e-05
-7.32793e-05
-8.53236e-05
-9.73679e-05
-0.000109412
-0.000121456
-0.000133501
-0.000145545
-0.000157589
-0.000169633
-0.000181678
-0.000193722
-0.000205766
-0.00021781
-0.000223262
-0.000227657
-0.000232052
-0.000236447
-0.000240843
-0.000245238
-0.000249633
-0.000254028
-0.000258423
-0.000262818
-0.000267213
-0.000271608
-0.000276003
-0.000263959
-0.000251915
-0.000239871
-0.000227827
-0.000215783
-0.000203739
-0.000191695
-0.00017965
-0.000167606
-0.000155562
-0.000143518
-0.000131474
-0.00011943
-0.000107385
-9.53412e-05
-8.3297e-05
-7.12528e-05
-5.92085e-05
-4.71642e-05
-3.512e-05
-2.30757e-05
-1.10313e-05
1.01297e-06
1.30573e-05
2.51017e-05
3.7146e-05
4.91904e-05
6.12348e-05
7.32792e-05
8.53236e-05
9.7368e-05
0.000109412
0.000121457
0.000133501
0.000145546
0.00015759
0.000169635
0.000181679
0.000193724
0.000205768
0.000217813
0.000223266
0.000227661
0.000232057
0.000236452
0.000240848
0.000245243
0.000249638
0.000254034
0.000258429
0.000262825
0.00026722
0.000271616
0.000276011
0.000263966
0.000251922
0.000239877
0.000227832
0.000215788
0.000203743
0.000191699
0.000179654
0.000167609
0.000155565
0.00014352
0.000131476
0.000119431
0.000107387
9.53422e-05
8.32977e-05
7.12533e-05
5.92088e-05
4.71644e-05
3.51199e-05
2.30755e-05
1.10311e-05
-1.01327e-06
-1.30577e-05
-2.5102e-05
-3.71464e-05
-4.91907e-05
-6.1235e-05
-7.32793e-05
-8.53236e-05
-9.73679e-05
-0.000109412
-0.000121456
-0.000133501
-0.000145545
-0.000157589
-0.000169633
-0.000181678
-0.000193722
-0.000205766
-0.00021781
-0.000223262
-0.000227657
-0.000232052
-0.000236447
-0.000240843
-0.000245238
-0.000249633
-0.000254028
-0.000258423
-0.000262818
-0.000267213
-0.000271608
-0.000276003
-0.000263959
-0.000251915
-0.000239871
-0.000227827
-0.000215783
-0.000203739
-0.000191695
-0.00017965
-0.000167606
-0.000155562
-0.000143518
-0.000131474
-0.00011943
-0.000107385
-9.53412e-05
-8.3297e-05
-7.12528e-05
-5.92085e-05
-4.71642e-05
-3.512e-05
-2.30757e-05
-1.10313e-05
1.01297e-06
1.30573e-05
2.51017e-05
3.7146e-05
4.91904e-05
6.12348e-05
7.32792e-05
8.53236e-05
9.7368e-05
0.000109412
0.000121457
0.000133501
0.000145546
0.00015759
0.000169635
0.000181679
0.000193724
0.000205768
0.000217813
0.000223266
0.000227661
0.000232057
0.000236452
0.000240848
0.000245243
0.000249638
0.000254034
0.000258429
0.000262825
0.00026722
0.000271616
0.000276011
0.000263966
0.000251922
0.000239877
0.000227832
0.000215788
0.000203743
0.000191699
0.000179654
0.000167609
0.000155565
0.00014352
0.000131476
0.000119431
0.000107387
9.53422e-05
8.32977e-05
7.12533e-05
5.92088e-05
4.71644e-05
3.51199e-05
2.30755e-05
1.10311e-05
-1.01327e-06
-1.30577e-05
-2.5102e-05
-3.71464e-05
-4.91907e-05
-6.1235e-05
-7.32793e-05
-8.53236e-05
-9.73679e-05
-0.000109412
-0.000121456
-0.000133501
-0.000145545
-0.000157589
-0.000169633
-0.000181678
-0.000193722
-0.000205766
-0.00021781
-0.000223262
-0.000227657
-0.000232052
-0.000236447
-0.000240843
-0.000245238
-0.000249633
-0.000254028
-0.000258423
-0.000262818
-0.000267213
-0.000271608
-0.000276003
-0.000263959
-0.000251915
-0.000239871
-0.000227827
-0.000215783
-0.000203739
-0.000191695
-0.00017965
-0.000167606
-0.000155562
-0.000143518
-0.000131474
-0.00011943
-0.000107385
-9.53412e-05
-8.3297e-05
-7.12528e-05
-5.92085e-05
-4.71642e-05
-3.512e-05
-2.30757e-05
-1.10313e-05
1.01297e-06
1.30573e-05
2.51017e-05
3.7146e-05
4.91904e-05
6.12348e-05
7.32792e-05
8.53236e-05
9.7368e-05
0.000109412
0.000121457
0.000133501
0.000145546
0.00015759
0.000169635
0.000181679
0.000193724
0.000205768
0.000217813
0.000223266
0.000227661
0.000232057
0.000236452
0.000240848
0.000245243
0.000249638
0.000254034
0.000258429
0.000262825
0.00026722
0.000271616
0.000276011
0.000263966
0.000251922
0.000239877
0.000227832
0.000215788
0.000203743
0.000191699
0.000179654
0.000167609
0.000155565
0.00014352
0.000131476
0.000119431
0.000107387
9.53422e-05
8.32977e-05
7.12533e-05
5.92088e-05
4.71644e-05
3.51199e-05
2.30755e-05
1.10311e-05
-1.01327e-06
-1.30577e-05
-2.5102e-05
-3.71464e-05
-4.91907e-05
-6.10881e-05
-7.29856e-05
-8.4883e-05
-9.67804e-05
-0.000108678
-0.000120575
-0.000132473
-0.00014437
-0.000156267
-0.000168165
-0.000180062
-0.000191959
-0.000203856
-0.000215754
-0.000222458
-0.0002268
-0.000231141
-0.000235483
-0.000239824
-0.000244166
-0.000248507
-0.000252849
-0.00025719
-0.000261532
-0.000265873
-0.000270215
-0.000274556
-0.000278543
-0.000282353
-0.000286163
-0.000289973
-0.000293782
-0.000297592
-0.000301402
-0.000305212
-0.000309022
-0.000312832
-0.000316641
-0.000320451
-0.000324261
-0.000328071
-0.000316174
-0.000304277
-0.00029238
-0.000280483
-0.000268586
-0.000256689
-0.000244791
-0.000232894
-0.000220997
-0.0002091
-0.000197203
-0.000185306
-0.000173408
-0.000161511
-0.000149614
-0.000137717
-0.00012582
-0.000113922
-0.000102025
-9.01278e-05
-7.82305e-05
-6.63332e-05
-5.44359e-05
-4.25385e-05
-3.06412e-05
-1.87438e-05
-6.84648e-06
4.91028e-06
1.64764e-05
2.80426e-05
3.96087e-05
5.11749e-05
6.27411e-05
7.43073e-05
8.58736e-05
9.74398e-05
0.000109006
0.000120572
0.000132139
0.000143705
0.000155271
0.000166837
0.000178404
0.00018997
0.000201536
0.000208597
0.000211616
0.000214634
0.000217653
0.000220671
0.00022369
0.000226708
0.000229727
0.000232745
0.000235764
0.000238782
0.000241801
0.000244819
0.000247838
0.000250856
0.000253875
0.000256894
0.000259912
0.000262931
0.000265949
0.000268968
0.000271986
0.000275005
0.000278551
0.000282361
0.000286172
0.000289982
0.000293792
0.000297603
0.000301413
0.000305223
0.000309033
0.000312844
0.000316654
0.000320464
0.000324275
0.000328085
0.000316187
0.000304289
0.000292391
0.000280493
0.000268595
0.000256698
0.0002448
0.000232902
0.000221004
0.000209106
0.000197209
0.000185311
0.000173413
0.000161515
0.000149617
0.00013772
0.000125822
0.000113924
0.000102027
9.0129e-05
7.82314e-05
6.63337e-05
5.44361e-05
4.25385e-05
3.06409e-05
1.87433e-05
6.84568e-06
-4.58889e-06
-1.53961e-05
-2.62032e-05
-3.70103e-05
-4.78175e-05
-5.86246e-05
-6.94317e-05
-8.02388e-05
-9.10459e-05
-0.000101853
-0.00011266
-0.000123467
-0.000134274
-0.000145081
-0.000155888
-0.000166695
-0.000177502
-0.000188309
-0.000199116
-0.000209923
-0.00022073
-0.000231537
-0.000242344
-0.000247757
-0.000250348
-0.000252939
-0.00025553
-0.000258121
-0.000260711
-0.000263302
-0.000265893
-0.000268484
-0.000271075
-0.000273665
-0.000276256
-0.000278847
-0.000281438
-0.000284028
-0.000286619
-0.00028921
-0.000291801
-0.000294391
-0.000296982
-0.000299573
-0.000302164
-0.000304754
-0.000307345
-0.000309936
-0.000312527
-0.000315117
-0.000317708
-0.000320299
-0.000322889
-0.00032548
-0.000328071
-0.000316174
-0.000304277
-0.00029238
-0.000280483
-0.000268586
-0.000256689
-0.000244791
-0.000232894
-0.000220997
-0.0002091
-0.000197203
-0.000185306
-0.000173408
-0.000161511
-0.000149614
-0.000137717
-0.00012582
-0.000113922
-0.000102025
-9.01278e-05
-7.82305e-05
-6.63332e-05
-5.44359e-05
-4.25385e-05
-3.06412e-05
-1.87438e-05
-6.84648e-06
4.588e-06
1.5395e-05
2.62021e-05
3.70091e-05
4.78162e-05
5.86232e-05
6.94303e-05
8.02374e-05
9.10445e-05
0.000101852
0.000112659
0.000123466
0.000134273
0.00014508
0.000155887
0.000166695
0.000177502
0.000188309
0.000199116
0.000209923
0.000220731
0.000231538
0.000242345
0.00024776
0.000250352
0.000252943
0.000255534
0.000258125
0.000260716
0.000263307
0.000265898
0.000268489
0.00027108
0.000273671
0.000276262
0.000278854
0.000281445
0.000284036
0.000286627
0.000289218
0.000291809
0.0002944
0.000296991
0.000299582
0.000302174
0.000304765
0.000307356
0.000309947
0.000312538
0.000315129
0.00031772
0.000320311
0.000322903
0.000325494
0.000328085
0.000316187
0.000304289
0.000292391
0.000280493
0.000268595
0.000256698
0.0002448
0.000232902
0.000221004
0.000209106
0.000197209
0.000185311
0.000173413
0.000161515
0.000149617
0.00013772
0.000125822
0.000113924
0.000102027
9.0129e-05
7.82314e-05
6.63337e-05
5.44361e-05
4.25385e-05
3.06409e-05
1.87433e-05
6.84568e-06
-4.58889e-06
-1.53961e-05
-2.62032e-05
-3.70103e-05
-4.78175e-05
-5.86246e-05
-6.94317e-05
-8.02388e-05
-9.10459e-05
-0.000101853
-0.00011266
-0.000123467
-0.000134274
-0.000145081
-0.000155823
-0.000166564
-0.000177306
-0.000188047
-0.000198789
-0.00020953
-0.000220271
-0.000231013
-0.000241754
-0.0002476
-0.000250176
-0.000252751
-0.000255326
-0.000257901
-0.000260476
-0.000263051
-0.000265626
-0.000268201
-0.000270776
-0.000273351
-0.000275926
-0.000278501
-0.000281076
-0.000283652
-0.000286227
-0.000288802
-0.000291377
-0.000293952
-0.000296527
-0.000299102
-0.000301677
-0.000304252
-0.000306827
-0.000309402
-0.000311977
-0.000314552
-0.000317127
-0.000319702
-0.000322277
-0.000324852
-0.000327427
-0.000330911
-0.000334698
-0.000338484
-0.000342271
-0.000346058
-0.000347839
-0.000349507
-0.000351175
-0.000352843
-0.000354511
-0.000356179
-0.000357846
-0.000359514
-0.000361182
-0.000349357
-0.000337533
-0.000325708
-0.000313883
-0.000302058
-0.000290233
-0.000278408
-0.000266583
-0.000254758
-0.000242934
-0.000231109
-0.000219284
-0.000207459
-0.000195634
-0.000183809
-0.000171984
-0.000160159
-0.000148334
-0.000136508
-0.000124683
-0.000112858
-0.000101033
-8.92082e-05
-7.73831e-05
-6.55579e-05
-5.37328e-05
-4.19076e-05
-3.00825e-05
-1.82573e-05
-6.4321e-06
4.37591e-06
1.39708e-05
2.35657e-05
3.31605e-05
4.27554e-05
5.23504e-05
6.19453e-05
7.15402e-05
8.11351e-05
9.07301e-05
0.000100325
0.00010992
0.000119515
0.00012911
0.000138705
0.0001483
0.000157895
0.00016749
0.000177085
0.00018668
0.000196275
0.00020587
0.000215465
0.00022506
0.000234656
0.000244251
0.000247721
0.000249768
0.000251816
0.000253863
0.000255911
0.000257958
0.000260005
0.000262053
0.0002641
0.000266148
0.000268195
0.000270243
0.00027229
0.000274338
0.000276385
0.000278433
0.00028048
0.000282528
0.000284575
0.000286623
0.00028867
0.000290718
0.000292765
0.000294813
0.00029686
0.000298908
0.000300955
0.000303003
0.00030505
0.000307098
0.000309145
0.000311193
0.00031324
0.000315288
0.000317335
0.000319383
0.00032143
0.000323478
0.000325525
0.000327573
0.000330925
0.000334713
0.0003385
0.000342287
0.000346074
0.000347855
0.000349524
0.000351192
0.00035286
0.000354529
0.000356197
0.000357865
0.000359534
0.000361202
0.000349376
0.00033755
0.000325724
0.000313899
0.000302073
0.000290247
0.000278421
0.000266595
0.000254769
0.000242943
0.000231118
0.000219292
0.000207466
0.00019564
0.000183815
0.000171989
0.000160163
0.000148338
0.000136512
0.000124686
0.000112861
0.000101035
8.92092e-05
7.73836e-05
6.5558e-05
5.37324e-05
4.19068e-05
3.00812e-05
1.82557e-05
6.43013e-06
-4.1182e-06
-1.31444e-05
-2.21706e-05
-3.11967e-05
-4.02229e-05
-4.9249e-05
-5.82751e-05
-6.73013e-05
-7.63274e-05
-8.53535e-05
-9.43796e-05
-0.000103406
-0.000112432
-0.000121458
-0.000130484
-0.00013951
-0.000148536
-0.000157562
-0.000166588
-0.000175614
-0.00018464
-0.000193666
-0.000202692
-0.000211718
-0.000220744
-0.00022977
-0.000238796
-0.000247822
-0.000256848
-0.000265874
-0.000271703
-0.00027353
-0.000275356
-0.000277182
-0.000279008
-0.000280834
-0.00028266
-0.000284486
-0.000286313
-0.000288139
-0.000289965
-0.000291791
-0.000293617
-0.000295443
-0.000297269
-0.000299095
-0.000300921
-0.000302748
-0.000304574
-0.0003064
-0.000308226
-0.000310052
-0.000311878
-0.000313704
-0.00031553
-0.000317356
-0.000319183
-0.000321009
-0.000322835
-0.000324661
-0.000326487
-0.000328313
-0.000330139
-0.000331965
-0.000333791
-0.000335617
-0.000337443
-0.000339269
-0.000341096
-0.000342922
-0.000344748
-0.000346574
-0.0003484
-0.000350226
-0.000352052
-0.000353878
-0.000355704
-0.00035753
-0.000359356
-0.000361182
-0.000349357
-0.000337533
-0.000325708
-0.000313883
-0.000302058
-0.000290233
-0.000278408
-0.000266583
-0.000254758
-0.000242934
-0.000231109
-0.000219284
-0.000207459
-0.000195634
-0.000183809
-0.000171984
-0.000160159
-0.000148334
-0.000136508
-0.000124683
-0.000112858
-0.000101033
-8.92082e-05
-7.73831e-05
-6.55579e-05
-5.37328e-05
-4.19076e-05
-3.00825e-05
-1.82573e-05
-6.4321e-06
4.11645e-06
1.31424e-05
2.21684e-05
3.11944e-05
4.02204e-05
4.92464e-05
5.82724e-05
6.72984e-05
7.63244e-05
8.53505e-05
9.43765e-05
0.000103403
0.000112429
0.000121455
0.000130481
0.000139507
0.000148533
0.000157559
0.000166585
0.000175611
0.000184638
0.000193664
0.00020269
0.000211716
0.000220742
0.000229768
0.000238795
0.000247821
0.000256847
0.000265873
0.000271706
0.000273532
0.000275359
0.000277185
0.000279011
0.000280838
0.000282664
0.000284491
0.000286317
0.000288143
0.00028997
0.000291796
0.000293623
0.000295449
0.000297276
0.000299102
0.000300929
0.000302755
0.000304581
0.000306408
0.000308234
0.000310061
0.000311887
0.000313714
0.00031554
0.000317367
0.000319193
0.00032102
0.000322846
0.000324672
0.000326499
0.000328325
0.000330152
0.000331978
0.000333805
0.000335631
0.000337458
0.000339284
0.000341111
0.000342937
0.000344764
0.00034659
0.000348417
0.000350243
0.00035207
0.000353896
0.000355723
0.000357549
0.000359376
0.000361202
0.000349376
0.00033755
0.000325724
0.000313899
0.000302073
0.000290247
0.000278421
0.000266595
0.000254769
0.000242943
0.000231118
0.000219292
0.000207466
0.00019564
0.000183815
0.000171989
0.000160163
0.000148338
0.000136512
0.000124686
0.000112861
0.000101035
8.92092e-05
7.73836e-05
6.5558e-05
5.37324e-05
4.19068e-05
3.00812e-05
1.82557e-05
6.43013e-06
-4.1182e-06
-1.31444e-05
-2.21706e-05
-3.11967e-05
-4.02229e-05
-4.9249e-05
-5.82751e-05
-6.73013e-05
-7.63274e-05
-8.53535e-05
-9.43796e-05
-0.000103406
-0.000112432
-0.000121458
-0.000130484
-0.00013951
-0.000148536
-0.000157562
-0.000166588
-0.000175614
-0.00018464
-0.000193666
-0.000202692
-0.000211718
-0.000220744
-0.000229715
-0.000238687
-0.000247659
-0.00025663
-0.000265602
-0.000271637
-0.000273453
-0.000275268
-0.000277083
-0.000278898
-0.000280713
-0.000282528
-0.000284343
-0.000286159
-0.000287974
-0.000289789
-0.000291604
-0.000293419
-0.000295234
-0.000297049
-0.000298864
-0.000300679
-0.000302495
-0.00030431
-0.000306125
-0.00030794
-0.000309755
-0.00031157
-0.000313385
-0.0003152
-0.000317015
-0.000318831
-0.000320646
-0.000322461
-0.000324276
-0.000326091
-0.000327906
-0.000329721
-0.000331536
-0.000333351
-0.000335166
-0.000336981
-0.000338796
-0.000340612
-0.000342427
-0.000344242
-0.000346057
-0.000347872
-0.000349687
-0.000351502
-0.000353317
-0.000355132
-0.000356947
-0.000358762
-0.000360577
-0.000362288
-0.000363945
-0.000365603
-0.000367261
-0.000368919
-0.000370577
-0.000372235
-0.000373893
-0.00037555
-0.000377208
-0.000378866
-0.000380524
-0.000382182
-0.00038384
-0.000385497
-0.000387155
-0.000388813
-0.000390471
-0.000392129
-0.000393787
-0.000395444
-0.000397102
-0.00039876
-0.000400418
-0.000402076
-0.000403734
-0.000405391
-0.000407049
-0.000395296
-0.000383542
-0.000371789
-0.000360036
-0.000348282
-0.000336529
-0.000324775
-0.000313022
-0.000301268
-0.000289515
-0.000277761
-0.000266008
-0.000254254
-0.000242501
-0.000230747
-0.000218994
-0.00020724
-0.000195486
-0.000183733
-0.000171979
-0.000160225
-0.000148472
-0.000136718
-0.000124965
-0.000113211
-0.000101457
-8.97034e-05
-7.79497e-05
-6.6196e-05
-5.44422e-05
-4.26885e-05
-3.09347e-05
-1.91809e-05
-7.42714e-06
2.75952e-06
1.0256e-05
1.77525e-05
2.5249e-05
3.27455e-05
4.02421e-05
4.77386e-05
5.52351e-05
6.27317e-05
7.02282e-05
7.77248e-05
8.52214e-05
9.27179e-05
0.000100215
0.000107711
0.000115208
0.000122704
0.000130201
0.000137698
0.000145194
0.000152691
0.000160188
0.000167684
0.000175181
0.000182677
0.000190174
0.000197671
0.000205168
0.000212664
0.000220161
0.000227658
0.000235154
0.000242651
0.000250148
0.000257645
0.000265141
0.000271204
0.000272541
0.000273878
0.000275214
0.000276551
0.000277887
0.000279224
0.00028056
0.000281897
0.000283234
0.00028457
0.000285907
0.000287243
0.00028858
0.000289916
0.000291253
0.00029259
0.000293926
0.000295263
0.000296599
0.000297936
0.000299272
0.000300609
0.000301946
0.000303282
0.000304619
0.000305955
0.000307292
0.000308629
0.000309965
0.000311302
0.000312638
0.000313975
0.000315312
0.000316648
0.000317985
0.000319321
0.000320658
0.000321995
0.000323331
0.000324668
0.000326004
0.000327341
0.000328678
0.000330014
0.000331351
0.000332687
0.000334024
0.000335361
0.000336697
0.000338034
0.00033937
0.000340707
0.000342044
0.00034338
0.000344717
0.000346054
0.00034739
0.000348727
0.000350063
0.0003514
0.000352737
0.000354073
0.00035541
0.000356747
0.000358083
0.00035942
0.000360757
0.000362308
0.000363966
0.000365624
0.000367282
0.000368941
0.000370599
0.000372257
0.000373916
0.000375574
0.000377232
0.000378891
0.000380549
0.000382207
0.000383866
0.000385524
0.000387182
0.00038884
0.000390499
0.000392157
0.000393815
0.000395474
0.000397132
0.00039879
0.000400449
0.000402107
0.000403765
0.000405424
0.000407082
0.000395327
0.000383572
0.000371817
0.000360063
0.000348308
0.000336553
0.000324798
0.000313043
0.000301288
0.000289534
0.000277779
0.000266024
0.000254269
0.000242515
0.00023076
0.000219005
0.000207251
0.000195496
0.000183741
0.000171987
0.000160232
0.000148477
0.000136723
0.000124968
0.000113214
0.000101459
8.97045e-05
7.795e-05
6.61954e-05
5.44409e-05
4.26864e-05
3.09319e-05
1.91774e-05
7.42296e-06
-2.53683e-06
-9.42106e-06
-1.63053e-05
-2.31895e-05
-3.00737e-05
-3.69579e-05
-4.38421e-05
-5.07263e-05
-5.76105e-05
-6.44946e-05
-7.13788e-05
-7.8263e-05
-8.51471e-05
-9.20313e-05
-9.89154e-05
-0.0001058
-0.000112684
-0.000119568
-0.000126452
-0.000133336
-0.00014022
-0.000147104
-0.000153988
-0.000160872
-0.000167756
-0.00017464
-0.000181524
-0.000188408
-0.000195293
-0.000202177
-0.000209061
-0.000215945
-0.000222829
-0.000229713
-0.000236597
-0.000243481
-0.000250365
-0.000257249
-0.000264132
-0.000271016
-0.0002779
-0.000284784
-0.000291668
-0.000298552
-0.000305322
-0.000306491
-0.000307661
-0.00030883
-0.000309999
-0.000311169
-0.000312338
-0.000313507
-0.000314677
-0.000315846
-0.000317015
-0.000318185
-0.000319354
-0.000320523
-0.000321693
-0.000322862
-0.000324031
-0.0003252
-0.00032637
-0.000327539
-0.000328708
-0.000329878
-0.000331047
-0.000332216
-0.000333386
-0.000334555
-0.000335724
-0.000336893
-0.000338063
-0.000339232
-0.000340401
-0.000341571
-0.00034274
-0.000343909
-0.000345078
-0.000346248
-0.000347417
-0.000348586
-0.000349756
-0.000350925
-0.000352094
-0.000353263
-0.000354433
-0.000355602
-0.000356771
-0.000357941
-0.00035911
-0.000360279
-0.000361448
-0.000362618
-0.000363787
-0.000364956
-0.000366125
-0.000367295
-0.000368464
-0.000369633
-0.000370803
-0.000371972
-0.000373141
-0.00037431
-0.00037548
-0.000376649
-0.000377818
-0.000378987
-0.000380157
-0.000381326
-0.000382495
-0.000383664
-0.000384834
-0.000386003
-0.000387172
-0.000388341
-0.000389511
-0.00039068
-0.000391849
-0.000393018
-0.000394188
-0.000395357
-0.000396526
-0.000397695
-0.000398865
-0.000400034
-0.000401203
-0.000402372
-0.000403541
-0.000404711
-0.00040588
-0.000407049
-0.000395296
-0.000383542
-0.000371789
-0.000360036
-0.000348282
-0.000336529
-0.000324775
-0.000313022
-0.000301268
-0.000289515
-0.000277761
-0.000266008
-0.000254254
-0.000242501
-0.000230747
-0.000218994
-0.00020724
-0.000195486
-0.000183733
-0.000171979
-0.000160225
-0.000148472
-0.000136718
-0.000124965
-0.000113211
-0.000101457
-8.97034e-05
-7.79497e-05
-6.6196e-05
-5.44422e-05
-4.26885e-05
-3.09347e-05
-1.91809e-05
-7.42714e-06
2.53402e-06
9.41793e-06
1.63018e-05
2.31858e-05
3.00697e-05
3.69536e-05
4.38376e-05
5.07215e-05
5.76055e-05
6.44894e-05
7.13734e-05
7.82574e-05
8.51414e-05
9.20254e-05
9.89094e-05
0.000105793
0.000112677
0.000119561
0.000126445
0.000133329
0.000140214
0.000147098
0.000153982
0.000160866
0.00016775
0.000174634
0.000181518
0.000188402
0.000195286
0.00020217
0.000209054
0.000215938
0.000222823
0.000229707
0.000236591
0.000243475
0.000250359
0.000257243
0.000264128
0.000271012
0.000277896
0.00028478
0.000291664
0.000298549
0.000305322
0.000306492
0.000307661
0.000308831
0.000310001
0.00031117
0.00031234
0.000313509
0.000314679
0.000315849
0.000317018
0.000318188
0.000319358
0.000320527
0.000321697
0.000322866
0.000324036
0.000325206
0.000326375
0.000327545
0.000328715
0.000329884
0.000331054
0.000332223
0.000333393
0.000334563
0.000335732
0.000336902
0.000338072
0.000339241
0.000340411
0.000341581
0.00034275
0.00034392
0.000345089
0.000346259
0.000347429
0.000348598
0.000349768
0.000350938
0.000352107
0.000353277
0.000354447
0.000355616
0.000356786
0.000357956
0.000359125
0.000360295
0.000361465
0.000362634
0.000363804
0.000364974
0.000366143
0.000367313
0.000368482
0.000369652
0.000370822
0.000371991
0.000373161
0.000374331
0.0003755
0.00037667
0.00037784
0.00037901
0.000380179
0.000381349
0.000382519
0.000383688
0.000384858
0.000386028
0.000387197
0.000388367
0.000389537
0.000390706
0.000391876
0.000393046
0.000394215
0.000395385
0.000396555
0.000397724
0.000398894
0.000400064
0.000401233
0.000402403
0.000403573
0.000404743
0.000405912
0.000407082
0.000395327
0.000383572
0.000371817
0.000360063
0.000348308
0.000336553
0.000324798
0.000313043
0.000301288
0.000289534
0.000277779
0.000266024
0.000254269
0.000242515
0.00023076
0.000219005
0.000207251
0.000195496
0.000183741
0.000171987
0.000160232
0.000148477
0.000136723
0.000124968
0.000113214
0.000101459
8.97045e-05
7.795e-05
6.61954e-05
5.44409e-05
4.26864e-05
3.09319e-05
1.91774e-05
7.42296e-06
-2.53683e-06
-9.42106e-06
-1.63053e-05
-2.31895e-05
-3.00737e-05
-3.69579e-05
-4.38421e-05
-5.07263e-05
-5.76105e-05
-6.44946e-05
-7.13788e-05
-7.8263e-05
-8.51471e-05
-9.20313e-05
-9.89154e-05
-0.0001058
-0.000112684
-0.000119568
-0.000126452
-0.000133336
-0.00014022
-0.000147104
-0.000153988
-0.000160872
-0.000167756
-0.00017464
-0.000181524
-0.000188408
-0.000195293
-0.000202177
-0.000209061
-0.000215945
-0.000222829
-0.000229713
-0.000236597
-0.000243481
-0.000250365
-0.000257249
-0.000264132
-0.000271016
-0.0002779
-0.000284784
-0.000291668
-0.000298552
-0.000305322
-0.000306491
-0.000307661
-0.00030883
-0.000309999
-0.000311165
-0.000312331
-0.000313497
-0.000314663
-0.000315828
-0.000316994
-0.00031816
-0.000319326
-0.000320492
-0.000321657
-0.000322823
-0.000323989
-0.000325155
-0.000326321
-0.000327486
-0.000328652
-0.000329818
-0.000330984
-0.00033215
-0.000333315
-0.000334481
-0.000335647
-0.000336813
-0.000337978
-0.000339144
-0.00034031
-0.000341476
-0.000342642
-0.000343807
-0.000344973
-0.000346139
-0.000347305
-0.00034847
-0.000349636
-0.000350802
-0.000351968
-0.000353134
-0.000354299
-0.000355465
-0.000356631
-0.000357797
-0.000358962
-0.000360128
-0.000361294
-0.00036246
-0.000363625
-0.000364791
-0.000365957
-0.000367123
-0.000368288
-0.000369454
-0.00037062
-0.000371786
-0.000372951
-0.000374117
-0.000375283
-0.000376449
-0.000377614
-0.00037878
-0.000379946
-0.000381112
-0.000382277
-0.000383443
-0.000384609
-0.000385775
-0.00038694
-0.000388106
-0.000389272
-0.000390438
-0.000391603
-0.000392769
-0.000393935
-0.0003951
-0.000396266
-0.000397432
-0.000398598
-0.000399763
-0.000400929
-0.000402095
-0.000403261
-0.000404426
-0.000405592
-0.000406758
-0.000408289
-0.000409942
-0.000411594
-0.000413247
-0.0004149
-0.000416553
-0.000418206
-0.000419859
-0.000421511
-0.000423164
-0.000424817
-0.00042647
-0.000428123
-0.000429776
-0.000431428
-0.000433081
-0.000434734
-0.000436387
-0.00043804
-0.000439692
-0.000441345
-0.000442998
-0.000444651
-0.000446304
-0.000447956
-0.000449609
-0.000451262
-0.000452915
-0.000441197
-0.000429479
-0.000417761
-0.000406043
-0.000394325
-0.000382607
-0.000370889
-0.000359171
-0.000347453
-0.000335735
-0.000324017
-0.000312299
-0.000300581
-0.000288863
-0.000277145
-0.000265427
-0.000253709
-0.000241991
-0.000230273
-0.000218555
-0.000206837
-0.000195119
-0.0001834
-0.000171682
-0.000159964
-0.000148246
-0.000136528
-0.000124809
-0.000113091
-0.000101373
-8.96547e-05
-7.79365e-05
-6.62182e-05
-5.44999e-05
-4.27816e-05
-3.10633e-05
-1.93449e-05
-7.62661e-06
2.11333e-06
8.16571e-06
1.42181e-05
2.02705e-05
2.63229e-05
3.23753e-05
3.84277e-05
4.44801e-05
5.05325e-05
5.6585e-05
6.26374e-05
6.86898e-05
7.47423e-05
8.07947e-05
8.68472e-05
9.28996e-05
9.89521e-05
0.000105005
0.000111057
0.00011711
0.000123162
0.000129215
0.000135267
0.00014132
0.000147372
0.000153425
0.000159477
0.00016553
0.000171582
0.000177635
0.000183687
0.00018974
0.000195793
0.000201845
0.000207898
0.00021395
0.000220003
0.000226055
0.000232108
0.000238161
0.000244213
0.000250266
0.000256319
0.000262371
0.000268424
0.000274477
0.000280529
0.000286582
0.000292635
0.000298687
0.00030474
0.000306176
0.000307144
0.000308112
0.00030908
0.000310047
0.000311015
0.000311983
0.000312951
0.000313919
0.000314887
0.000315855
0.000316823
0.000317791
0.000318758
0.000319726
0.000320694
0.000321662
0.00032263
0.000323598
0.000324566
0.000325534
0.000326502
0.000327469
0.000328437
0.000329405
0.000330373
0.000331341
0.000332309
0.000333277
0.000334245
0.000335213
0.000336181
0.000337148
0.000338116
0.000339084
0.000340052
0.00034102
0.000341988
0.000342956
0.000343924
0.000344892
0.00034586
0.000346828
0.000347796
0.000348763
0.000349731
0.000350699
0.000351667
0.000352635
0.000353603
0.000354571
0.000355539
0.000356507
0.000357475
0.000358443
0.000359411
0.000360378
0.000361346
0.000362314
0.000363282
0.00036425
0.000365218
0.000366186
0.000367154
0.000368122
0.00036909
0.000370058
0.000371026
0.000371994
0.000372962
0.00037393
0.000374897
0.000375865
0.000376833
0.000377801
0.000378769
0.000379737
0.000380705
0.000381673
0.000382641
0.000383609
0.000384577
0.000385545
0.000386513
0.000387481
0.000388449
0.000389417
0.000390385
0.000391353
0.000392321
0.000393288
0.000394256
0.000395224
0.000396192
0.00039716
0.000398128
0.000399096
0.000400064
0.000401032
0.000402
0.000402968
0.000403936
0.000404904
0.000405872
0.00040684
0.000408322
0.000409975
0.000411629
0.000413282
0.000414935
0.000416589
0.000418242
0.000419895
0.000421549
0.000423202
0.000424856
0.000426509
0.000428162
0.000429816
0.000431469
0.000433122
0.000434776
0.000436429
0.000438083
0.000439736
0.000441389
0.000443043
0.000444696
0.000446349
0.000448003
0.000449656
0.00045131
0.000452963
0.000441243
0.000429523
0.000417804
0.000406084
0.000394364
0.000382644
0.000370925
0.000359205
0.000347485
0.000335766
0.000324046
0.000312326
0.000300607
0.000288887
0.000277167
0.000265448
0.000253728
0.000242009
0.000230289
0.00021857
0.00020685
0.00019513
0.000183411
0.000171691
0.000159972
0.000148252
0.000136533
0.000124814
0.000113094
0.000101375
8.96553e-05
7.79359e-05
6.62165e-05
5.44971e-05
4.27777e-05
3.10584e-05
1.93391e-05
7.61973e-06
-2.02521e-06
-7.81458e-06
-1.36039e-05
-1.93933e-05
-2.51827e-05
-3.0972e-05
-3.67614e-05
-4.25507e-05
-4.834e-05
-5.41293e-05
-5.99187e-05
-6.5708e-05
-7.14973e-05
-7.72866e-05
-8.30759e-05
-8.88652e-05
-9.46545e-05
-0.000100444
-0.000106233
-0.000112022
-0.000117812
-0.000123601
-0.00012939
-0.000135179
-0.000140969
-0.000146758
-0.000152547
-0.000158336
-0.000164125
-0.000169915
-0.000175704
-0.000181493
-0.000187282
-0.000193071
-0.000198861
-0.00020465
-0.000210439
-0.000216228
-0.000222017
-0.000227806
-0.000233595
-0.000239385
-0.000245174
-0.000250963
-0.000256752
-0.000262541
-0.00026833
-0.000274119
-0.000279908
-0.000285697
-0.000291487
-0.000297276
-0.000303065
-0.000308854
-0.000314643
-0.000320432
-0.000326221
-0.00033201
-0.000337799
-0.000340314
-0.000341222
-0.00034213
-0.000343038
-0.000343947
-0.000344855
-0.000345763
-0.000346671
-0.000347579
-0.000348487
-0.000349395
-0.000350303
-0.000351211
-0.00035212
-0.000353028
-0.000353936
-0.000354844
-0.000355752
-0.00035666
-0.000357568
-0.000358476
-0.000359384
-0.000360293
-0.000361201
-0.000362109
-0.000363017
-0.000363925
-0.000364833
-0.000365741
-0.000366649
-0.000367557
-0.000368465
-0.000369374
-0.000370282
-0.00037119
-0.000372098
-0.000373006
-0.000373914
-0.000374822
-0.00037573
-0.000376638
-0.000377546
-0.000378454
-0.000379363
-0.000380271
-0.000381179
-0.000382087
-0.000382995
-0.000383903
-0.000384811
-0.000385719
-0.000386627
-0.000387535
-0.000388443
-0.000389351
-0.00039026
-0.000391168
-0.000392076
-0.000392984
-0.000393892
-0.0003948
-0.000395708
-0.000396616
-0.000397524
-0.000398432
-0.00039934
-0.000400248
-0.000401156
-0.000402064
-0.000402972
-0.000403881
-0.000404789
-0.000405697
-0.000406605
-0.000407513
-0.000408421
-0.000409329
-0.000410237
-0.000411145
-0.000412053
-0.000412961
-0.000413869
-0.000414777
-0.000415685
-0.000416593
-0.000417501
-0.000418409
-0.000419318
-0.000420226
-0.000421134
-0.000422042
-0.00042295
-0.000423858
-0.000424766
-0.000425674
-0.000426582
-0.00042749
-0.000428398
-0.000429306
-0.000430214
-0.000431122
-0.00043203
-0.000432938
-0.000433846
-0.000434754
-0.000435662
-0.00043657
-0.000437478
-0.000438386
-0.000439294
-0.000440202
-0.00044111
-0.000442019
-0.000442927
-0.000443835
-0.000444743
-0.000445651
-0.000446559
-0.000447467
-0.000448375
-0.000449283
-0.000450191
-0.000451099
-0.000452007
-0.000452915
-0.000441197
-0.000429479
-0.000417761
-0.000406043
-0.000394325
-0.000382607
-0.000370889
-0.000359171
-0.000347453
-0.000335735
-0.000324017
-0.000312299
-0.000300581
-0.000288863
-0.000277145
-0.000265427
-0.000253709
-0.000241991
-0.000230273
-0.000218555
-0.000206837
-0.000195119
-0.0001834
-0.000171682
-0.000159964
-0.000148246
-0.000136528
-0.000124809
-0.000113091
-0.000101373
-8.96547e-05
-7.79365e-05
-6.62182e-05
-5.44999e-05
-4.27816e-05
-3.10633e-05
-1.93449e-05
-7.62661e-06
2.02136e-06
7.81033e-06
1.35993e-05
1.93883e-05
2.51773e-05
3.09663e-05
3.67553e-05
4.25443e-05
4.83333e-05
5.41223e-05
5.99114e-05
6.57004e-05
7.14894e-05
7.72785e-05
8.30675e-05
8.88566e-05
9.46456e-05
0.000100435
0.000106224
0.000112013
0.000117802
0.000123591
0.00012938
0.000135169
0.000140958
0.000146747
0.000152537
0.000158326
0.000164115
0.000169904
0.000175693
0.000181482
0.000187271
0.000193061
0.00019885
0.000204639
0.000210428
0.000216217
0.000222007
0.000227796
0.000233585
0.000239374
0.000245163
0.000250953
0.000256742
0.000262531
0.00026832
0.00027411
0.000279899
0.000285688
0.000291477
0.000297267
0.000303056
0.000308845
0.000314634
0.000320424
0.000326213
0.000332002
0.000337792
0.000340312
0.00034122
0.000342129
0.000343037
0.000343946
0.000344854
0.000345762
0.000346671
0.000347579
0.000348488
0.000349396
0.000350305
0.000351213
0.000352122
0.00035303
0.000353938
0.000354847
0.000355755
0.000356664
0.000357572
0.000358481
0.000359389
0.000360297
0.000361206
0.000362114
0.000363023
0.000363931
0.00036484
0.000365748
0.000366657
0.000367565
0.000368473
0.000369382
0.00037029
0.000371199
0.000372107
0.000373016
0.000373924
0.000374833
0.000375741
0.00037665
0.000377558
0.000378467
0.000379375
0.000380283
0.000381192
0.0003821
0.000383009
0.000383917
0.000384826
0.000385734
0.000386643
0.000387551
0.00038846
0.000389368
0.000390277
0.000391185
0.000392094
0.000393002
0.00039391
0.000394819
0.000395727
0.000396636
0.000397544
0.000398453
0.000399361
0.00040027
0.000401178
0.000402087
0.000402995
0.000403904
0.000404812
0.000405721
0.000406629
0.000407538
0.000408446
0.000409355
0.000410263
0.000411172
0.00041208
0.000412989
0.000413897
0.000414806
0.000415714
0.000416623
0.000417531
0.00041844
0.000419348
0.000420257
0.000421165
0.000422074
0.000422982
0.000423891
0.000424799
0.000425708
0.000426616
0.000427525
0.000428433
0.000429342
0.00043025
0.000431159
0.000432067
0.000432976
0.000433884
0.000434793
0.000435701
0.00043661
0.000437518
0.000438427
0.000439335
0.000440244
0.000441152
0.000442061
0.000442969
0.000443878
0.000444786
0.000445695
0.000446603
0.000447512
0.00044842
0.000449329
0.000450237
0.000451146
0.000452054
0.000452963
0.000441243
0.000429523
0.000417804
0.000406084
0.000394364
0.000382644
0.000370925
0.000359205
0.000347485
0.000335766
0.000324046
0.000312326
0.000300607
0.000288887
0.000277167
0.000265448
0.000253728
0.000242009
0.000230289
0.00021857
0.00020685
0.00019513
0.000183411
0.000171691
0.000159972
0.000148252
0.000136533
0.000124814
0.000113094
0.000101375
8.96553e-05
7.79359e-05
6.62165e-05
5.44971e-05
4.27777e-05
3.10584e-05
1.93391e-05
7.61973e-06
-2.02521e-06
-7.81458e-06
-1.36039e-05
-1.93933e-05
-2.51827e-05
-3.0972e-05
-3.67614e-05
-4.25507e-05
-4.834e-05
-5.41293e-05
-5.99187e-05
-6.5708e-05
-7.14973e-05
-7.72866e-05
-8.30759e-05
-8.88652e-05
-9.46545e-05
-0.000100444
-0.000106233
-0.000112022
-0.000117812
-0.000123601
-0.00012939
-0.000135179
-0.000140969
-0.000146758
-0.000152547
-0.000158336
-0.000164125
-0.000169915
-0.000175704
-0.000181493
-0.000187282
-0.000193071
-0.000198861
-0.00020465
-0.000210439
-0.000216228
-0.000222017
-0.000227806
-0.000233595
-0.000239385
-0.000245174
-0.000250963
-0.000256752
-0.000262541
-0.00026833
-0.000274119
-0.000279908
-0.000285697
-0.000291487
-0.000297276
-0.000303065
-0.000308854
-0.000314643
-0.000320432
-0.000326221
-0.00033201
-0.000337799
-0.000340314
-0.000341222
-0.00034213
-0.000343038
-0.000343947
-0.000344855
-0.000345763
-0.000346671
-0.000347579
-0.000348487
-0.000349395
-0.000350303
-0.000351211
-0.00035212
-0.000353026
-0.000353933
-0.000354839
-0.000355745
-0.000356652
-0.000357558
-0.000358465
-0.000359371
-0.000360278
-0.000361184
-0.000362091
-0.000362997
-0.000363904
-0.00036481
-0.000365717
-0.000366623
-0.00036753
-0.000368436
-0.000369343
-0.000370249
-0.000371155
-0.000372062
-0.000372968
-0.000373875
-0.000374781
-0.000375688
-0.000376594
-0.000377501
-0.000378407
-0.000379314
-0.00038022
-0.000381126
-0.000382033
-0.000382939
-0.000383846
-0.000384752
-0.000385659
-0.000386565
-0.000387472
-0.000388378
-0.000389284
-0.000390191
-0.000391097
-0.000392004
-0.00039291
-0.000393817
-0.000394723
-0.00039563
-0.000396536
-0.000397442
-0.000398349
-0.000399255
-0.000400162
-0.000401068
-0.000401975
-0.000402881
-0.000403787
-0.000404694
-0.0004056
-0.000406507
-0.000407413
-0.00040832
-0.000409226
-0.000410132
-0.000411039
-0.000411945
-0.000412852
-0.000413758
-0.000414665
-0.000415571
-0.000416477
-0.000417384
-0.00041829
-0.000419197
-0.000420103
-0.000421009
-0.000421916
-0.000422822
-0.000423729
-0.000424635
-0.000425542
-0.000426448
-0.000427354
-0.000428261
-0.000429167
-0.000430074
-0.00043098
-0.000431886
-0.000432793
-0.000433699
-0.000434606
-0.000435512
-0.000436418
-0.000437325
-0.000438231
-0.000439138
-0.000440044
-0.00044095
-0.000441857
-0.000442763
-0.00044367
-0.000444576
-0.000445482
-0.000446389
-0.000447295
-0.000448202
-0.000449108
-0.000450014
-0.000450921
-0.000451827
-0.000452734
-0.000454235
-0.000455884
-0.000457534
-0.000459184
-0.000460834
-0.000462484
-0.000464134
-0.000465783
-0.000467433
-0.000469083
-0.000470733
-0.000472383
-0.000474032
-0.000475682
-0.000477332
-0.000478982
-0.000480632
-0.000482281
-0.000483931
-0.000485581
-0.000487231
-0.000488881
-0.00049053
-0.00049218
-0.00049383
-0.000495469
-0.000497072
-0.000498675
-0.000486978
-0.00047528
-0.000463583
-0.000451886
-0.000440188
-0.000428491
-0.000416794
-0.000405096
-0.000393399
-0.000381702
-0.000370004
-0.000358307
-0.000346609
-0.000334912
-0.000323215
-0.000311517
-0.00029982
-0.000288122
-0.000276425
-0.000264727
-0.00025303
-0.000241332
-0.000229635
-0.000217937
-0.000206239
-0.000194542
-0.000182844
-0.000171147
-0.000159449
-0.000147751
-0.000136054
-0.000124356
-0.000112658
-0.000100961
-8.92631e-05
-7.75653e-05
-6.58676e-05
-5.41699e-05
-4.24722e-05
-3.07744e-05
-1.90766e-05
-7.37886e-06
1.90071e-06
7.14931e-06
1.23979e-05
1.76465e-05
2.28951e-05
2.81438e-05
3.33924e-05
3.8641e-05
4.38896e-05
4.91383e-05
5.43869e-05
5.96356e-05
6.48842e-05
7.01329e-05
7.53816e-05
8.06302e-05
8.58789e-05
9.11276e-05
9.63763e-05
0.000101625
0.000106874
0.000112122
0.000117371
0.00012262
0.000127869
0.000133117
0.000138366
0.000143615
0.000148863
0.000154112
0.000159361
0.00016461
0.000169859
0.000175107
0.000180356
0.000185605
0.000190854
0.000196102
0.000201351
0.0002066
0.000211849
0.000217098
0.000222346
0.000227595
0.000232844
0.000238093
0.000243342
0.000248591
0.000253839
0.000259088
0.000264337
0.000269586
0.000274835
0.000280084
0.000285333
0.000290582
0.00029583
0.000301079
0.000306328
0.000311577
0.000316826
0.000322075
0.000327324
0.000332573
0.000337822
0.000340191
0.000340986
0.00034178
0.000342574
0.000343368
0.000344162
0.000344957
0.000345751
0.000346545
0.000347339
0.000348134
0.000348928
0.000349722
0.000350516
0.00035131
0.000352105
0.000352899
0.000353693
0.000354487
0.000355282
0.000356076
0.00035687
0.000357664
0.000358459
0.000359253
0.000360047
0.000360841
0.000361635
0.00036243
0.000363224
0.000364018
0.000364812
0.000365607
0.000366401
0.000367195
0.000367989
0.000368784
0.000369578
0.000370372
0.000371166
0.000371961
0.000372755
0.000373549
0.000374343
0.000375138
0.000375932
0.000376726
0.00037752
0.000378315
0.000379109
0.000379903
0.000380697
0.000381492
0.000382286
0.00038308
0.000383874
0.000384669
0.000385463
0.000386257
0.000387051
0.000387846
0.00038864
0.000389434
0.000390229
0.000391023
0.000391817
0.000392611
0.000393406
0.0003942
0.000394994
0.000395788
0.000396583
0.000397377
0.000398171
0.000398965
0.00039976
0.000400554
0.000401348
0.000402143
0.000402937
0.000403731
0.000404525
0.00040532
0.000406114
0.000406908
0.000407702
0.000408497
0.000409291
0.000410085
0.00041088
0.000411674
0.000412468
0.000413262
0.000414057
0.000414851
0.000415645
0.00041644
0.000417234
0.000418028
0.000418822
0.000419617
0.000420411
0.000421205
0.000422
0.000422794
0.000423588
0.000424383
0.000425177
0.000425971
0.000426765
0.00042756
0.000428354
0.000429148
0.000429943
0.000430737
0.000431531
0.000432325
0.00043312
0.000433914
0.000434708
0.000435503
0.000436297
0.000437091
0.000437886
0.00043868
0.000439474
0.000440269
0.000441063
0.000441857
0.000442651
0.000443446
0.00044424
0.000445034
0.000445829
0.000446623
0.000447417
0.000448212
0.000449006
0.0004498
0.000450595
0.000451389
0.000452183
0.000452978
0.000454562
0.000456213
0.000457864
0.000459515
0.000461166
0.000462817
0.000464469
0.00046612
0.000467771
0.000469422
0.000471073
0.000472724
0.000474375
0.000476027
0.000477678
0.000479329
0.00048098
0.000482631
0.000484282
0.000485933
0.000487585
0.000489236
0.000490887
0.000492486
0.000493995
0.000495512
0.000497027
0.000498542
0.000486844
0.000475146
0.000463447
0.000451749
0.000440051
0.000428353
0.000416655
0.000404957
0.000393259
0.000381561
0.000369862
0.000358164
0.000346466
0.000334768
0.00032307
0.000311372
0.000299674
0.000287976
0.000276278
0.00026458
0.000252883
0.000241185
0.000229487
0.000217789
0.000206091
0.000194393
0.000182695
0.000170997
0.000159299
0.000147602
0.000135904
0.000124206
0.000112508
0.00010081
8.91127e-05
7.7415e-05
6.57172e-05
5.40195e-05
4.23218e-05
3.06241e-05
1.89264e-05
7.22874e-06
-1.99691e-06
-7.12302e-06
-1.22491e-05
-1.73752e-05
-2.25013e-05
-2.76274e-05
-3.27535e-05
-3.78796e-05
-4.30057e-05
-4.81318e-05
-5.32579e-05
-5.83839e-05
-6.351e-05
-6.8636e-05
-7.37621e-05
-7.88881e-05
-8.40142e-05
-8.91402e-05
-9.42662e-05
-9.93923e-05
-0.000104518
-0.000109644
-0.00011477
-0.000119896
-0.000125022
-0.000130148
-0.000135274
-0.0001404
-0.000145526
-0.000150652
-0.000155778
-0.000160904
-0.00016603
-0.000171156
-0.000176282
-0.000181408
-0.000186534
-0.00019166
-0.000196786
-0.000201912
-0.000207038
-0.000212164
-0.000217289
-0.000222415
-0.000227541
-0.000232667
-0.000237793
-0.000242919
-0.000248045
-0.000253171
-0.000258296
-0.000263422
-0.000268548
-0.000273674
-0.0002788
-0.000283926
-0.000289052
-0.000294177
-0.000299303
-0.000304429
-0.000309555
-0.000314681
-0.000319806
-0.000324932
-0.000330058
-0.000335184
-0.00034031
-0.000345435
-0.000350561
-0.000355687
-0.000360813
-0.000365938
-0.000371064
-0.00037431
-0.000375078
-0.000375845
-0.000376613
-0.000377381
-0.000378148
-0.000378916
-0.000379684
-0.000380452
-0.000381219
-0.000381987
-0.000382755
-0.000383522
-0.00038429
-0.000385058
-0.000385825
-0.000386593
-0.000387361
-0.000388129
-0.000388896
-0.000389664
-0.000390432
-0.000391199
-0.000391967
-0.000392735
-0.000393502
-0.00039427
-0.000395038
-0.000395805
-0.000396573
-0.000397341
-0.000398109
-0.000398876
-0.000399644
-0.000400412
-0.000401179
-0.000401947
-0.000402715
-0.000403482
-0.00040425
-0.000405018
-0.000405785
-0.000406553
-0.000407321
-0.000408088
-0.000408856
-0.000409624
-0.000410391
-0.000411159
-0.000411927
-0.000412694
-0.000413462
-0.00041423
-0.000414997
-0.000415765
-0.000416533
-0.0004173
-0.000418068
-0.000418836
-0.000419603
-0.000420371
-0.000421139
-0.000421906
-0.000422674
-0.000423442
-0.000424209
-0.000424977
-0.000425745
-0.000426512
-0.00042728
-0.000428048
-0.000428815
-0.000429583
-0.000430351
-0.000431118
-0.000431886
-0.000432654
-0.000433421
-0.000434189
-0.000434957
-0.000435724
-0.000436492
-0.00043726
-0.000438027
-0.000438795
-0.000439563
-0.00044033
-0.000441098
-0.000441866
-0.000442633
-0.000443401
-0.000444168
-0.000444936
-0.000445704
-0.000446471
-0.000447239
-0.000448007
-0.000448774
-0.000449542
-0.00045031
-0.000451077
-0.000451845
-0.000452613
-0.00045338
-0.000454148
-0.000454915
-0.000455683
-0.000456451
-0.000457218
-0.000457986
-0.000458754
-0.000459521
-0.000460289
-0.000461056
-0.000461824
-0.000462592
-0.000463359
-0.000464127
-0.000464895
-0.000465662
-0.00046643
-0.000467197
-0.000467965
-0.000468733
-0.0004695
-0.000470268
-0.000471036
-0.000471803
-0.000472571
-0.000473338
-0.000474106
-0.000474874
-0.000475641
-0.000476409
-0.000477177
-0.000477944
-0.000478712
-0.000479479
-0.000480247
-0.000481015
-0.000481782
-0.00048255
-0.000483317
-0.000484085
-0.000484853
-0.00048562
-0.000486388
-0.000487155
-0.000487923
-0.000488691
-0.000489458
-0.000490226
-0.000490993
-0.000491742
-0.000492528
-0.000493295
-0.000494063
-0.000494831
-0.000495599
-0.000496368
-0.000497136
-0.000497906
-0.000498675
-0.000486978
-0.000475281
-0.000463583
-0.000451886
-0.000440189
-0.000428491
-0.000416794
-0.000405097
-0.000393399
-0.000381702
-0.000370005
-0.000358307
-0.00034661
-0.000334912
-0.000323215
-0.000311518
-0.00029982
-0.000288123
-0.000276425
-0.000264728
-0.00025303
-0.000241333
-0.000229635
-0.000217938
-0.00020624
-0.000194543
-0.000182845
-0.000171147
-0.00015945
-0.000147752
-0.000136055
-0.000124357
-0.000112659
-0.000100962
-8.92641e-05
-7.75664e-05
-6.58687e-05
-5.4171e-05
-4.24733e-05
-3.07756e-05
-1.90778e-05
-7.38008e-06
1.85384e-06
6.98093e-06
1.2108e-05
1.72351e-05
2.23622e-05
2.74893e-05
3.26164e-05
3.77435e-05
4.28707e-05
4.79978e-05
5.31249e-05
5.82521e-05
6.33792e-05
6.85063e-05
7.36335e-05
7.87606e-05
8.38878e-05
8.9015e-05
9.41421e-05
9.92693e-05
0.000104397
0.000109524
0.000114651
0.000119778
0.000124905
0.000130033
0.00013516
0.000140287
0.000145414
0.000150541
0.000155669
0.000160796
0.000165923
0.00017105
0.000176178
0.000181305
0.000186432
0.000191559
0.000196687
0.000201814
0.000206941
0.000212069
0.000217196
0.000222323
0.00022745
0.000232578
0.000237705
0.000242832
0.00024796
0.000253087
0.000258214
0.000263342
0.000268469
0.000273596
0.000278724
0.000283851
0.000288979
0.000294106
0.000299233
0.000304361
0.000309488
0.000314615
0.000319743
0.00032487
0.000329998
0.000335125
0.000340253
0.00034538
0.000350507
0.000355635
0.000360762
0.00036589
0.000371017
0.000374267
0.000375036
0.000375806
0.000376575
0.000377345
0.000378114
0.000378884
0.000379653
0.000380423
0.000381192
0.000381962
0.000382731
0.000383501
0.00038427
0.000385039
0.000385809
0.000386578
0.000387348
0.000388117
0.000388887
0.000389656
0.000390426
0.000391195
0.000391965
0.000392734
0.000393504
0.000394273
0.000395043
0.000395812
0.000396582
0.000397351
0.000398121
0.00039889
0.00039966
0.000400429
0.000401199
0.000401968
0.000402738
0.000403507
0.000404276
0.000405046
0.000405815
0.000406585
0.000407354
0.000408124
0.000408893
0.000409663
0.000410432
0.000411202
0.000411971
0.000412741
0.00041351
0.00041428
0.000415049
0.000415819
0.000416588
0.000417358
0.000418127
0.000418897
0.000419666
0.000420436
0.000421205
0.000421975
0.000422744
0.000423514
0.000424283
0.000425053
0.000425822
0.000426592
0.000427361
0.000428131
0.0004289
0.00042967
0.000430439
0.000431209
0.000431979
0.000432748
0.000433518
0.000434287
0.000435057
0.000435826
0.000436596
0.000437365
0.000438135
0.000438904
0.000439674
0.000440443
0.000441213
0.000441982
0.000442752
0.000443521
0.000444291
0.00044506
0.00044583
0.000446599
0.000447369
0.000448138
0.000448908
0.000449678
0.000450447
0.000451217
0.000451986
0.000452756
0.000453525
0.000454295
0.000455064
0.000455834
0.000456603
0.000457373
0.000458142
0.000458912
0.000459681
0.000460451
0.000461221
0.00046199
0.00046276
0.000463529
0.000464299
0.000465068
0.000465838
0.000466607
0.000467377
0.000468146
0.000468916
0.000469686
0.000470455
0.000471225
0.000471994
0.000472764
0.000473533
0.000474303
0.000475072
0.000475842
0.000476611
0.000477381
0.000478151
0.00047892
0.00047969
0.000480459
0.000481229
0.000481998
0.000482768
0.000483537
0.000484307
0.000485077
0.000485846
0.000486616
0.000487385
0.000488155
0.000488924
0.000489694
0.000490464
0.000491233
0.00049199
0.000492714
0.000493443
0.000494172
0.0004949
0.000495628
0.000496356
0.000497084
0.000497811
0.000498538
0.00048684
0.000475141
0.000463443
0.000451745
0.000440047
0.000428349
0.000416651
0.000404953
0.000393255
0.000381557
0.000369859
0.000358161
0.000346463
0.000334765
0.000323067
0.000311369
0.000299671
0.000287973
0.000276275
0.000264578
0.00025288
0.000241182
0.000229484
0.000217786
0.000206088
0.00019439
0.000182693
0.000170995
0.000159297
0.000147599
0.000135902
0.000124204
0.000112506
0.000100808
8.91107e-05
7.74131e-05
6.57154e-05
5.40177e-05
4.23201e-05
3.06224e-05
1.89248e-05
7.22719e-06
-1.99835e-06
-7.12449e-06
-1.22506e-05
-1.73768e-05
-2.25029e-05
-2.7629e-05
-3.27551e-05
-3.78812e-05
-4.30073e-05
-4.81334e-05
-5.32595e-05
-5.83856e-05
-6.35117e-05
-6.86378e-05
-7.37638e-05
-7.88899e-05
-8.4016e-05
-8.9142e-05
-9.42681e-05
-9.93941e-05
-0.00010452
-0.000109646
-0.000114772
-0.000119898
-0.000125024
-0.00013015
-0.000135276
-0.000140402
-0.000145528
-0.000150654
-0.00015578
-0.000160906
-0.000166032
-0.000171158
-0.000176284
-0.00018141
-0.000186536
-0.000191662
-0.000196788
-0.000201914
-0.00020704
-0.000212166
-0.000217292
-0.000222418
-0.000227544
-0.000232669
-0.000237795
-0.000242921
-0.000248047
-0.000253173
-0.000258299
-0.000263425
-0.000268551
-0.000273677
-0.000278802
-0.000283928
-0.000289054
-0.00029418
-0.000299306
-0.000304432
-0.000309558
-0.000314683
-0.000319809
-0.000324935
-0.000330061
-0.000335187
-0.000340312
-0.000345438
-0.000350564
-0.00035569
-0.000360816
-0.000365941
-0.000371067
-0.000374311
-0.000375078
-0.000375846
-0.000376614
-0.000377381
-0.000378149
-0.000378917
-0.000379685
-0.000380452
-0.00038122
-0.000381988
-0.000382755
-0.000383523
-0.000384291
-0.000385058
-0.000385826
-0.000386594
-0.000387361
-0.000388129
-0.000388897
-0.000389665
-0.000390432
-0.0003912
-0.000391968
-0.000392734
-0.000393501
-0.000394268
-0.000395035
-0.000395801
-0.000396568
-0.000397335
-0.000398102
-0.000398868
-0.000399635
-0.000400402
-0.000401169
-0.000401936
-0.000402702
-0.000403469
-0.000404236
-0.000405003
-0.000405769
-0.000406536
-0.000407303
-0.00040807
-0.000408836
-0.000409603
-0.00041037
-0.000411137
-0.000411903
-0.00041267
-0.000413437
-0.000414204
-0.00041497
-0.000415737
-0.000416504
-0.000417271
-0.000418037
-0.000418804
-0.000419571
-0.000420338
-0.000421104
-0.000421871
-0.000422638
-0.000423405
-0.000424171
-0.000424938
-0.000425705
-0.000426471
-0.000427238
-0.000428005
-0.000428772
-0.000429538
-0.000430305
-0.000431072
-0.000431839
-0.000432605
-0.000433372
-0.000434139
-0.000434906
-0.000435672
-0.000436439
-0.000437206
-0.000437972
-0.000438739
-0.000439506
-0.000440273
-0.000441039
-0.000441806
-0.000442573
-0.000443339
-0.000444106
-0.000444873
-0.00044564
-0.000446406
-0.000447173
-0.00044794
-0.000448707
-0.000449473
-0.00045024
-0.000451007
-0.000451773
-0.00045254
-0.000453307
-0.000454074
-0.00045484
-0.000455607
-0.000456374
-0.00045714
-0.000457907
-0.000458674
-0.00045944
-0.000460207
-0.000460974
-0.000461741
-0.000462507
-0.000463274
-0.000464041
-0.000464807
-0.000465574
-0.000466341
-0.000467108
-0.000467874
-0.000468641
-0.000469408
-0.000470174
-0.000470941
-0.000471708
-0.000472474
-0.000473241
-0.000474008
-0.000474774
-0.000475541
-0.000476308
-0.000477075
-0.000477841
-0.000478608
-0.000479375
-0.000480141
-0.000480908
-0.000481675
-0.000482441
-0.000483208
-0.000483975
-0.000484741
-0.000485508
-0.000486275
-0.000487042
-0.000487808
-0.000488575
-0.000489342
-0.000490108
-0.000490875
-0.000491622
-0.000492407
-0.000493174
-0.00049394
-0.000494707
-0.000495475
-0.000496242
-0.00049701
-0.000497778
-0.000498547
-0.000500004
-0.000500689
-0.000501417
-0.000502146
-0.000502875
-0.000503603
-0.000504332
-0.00050506
-0.000505789
-0.000506518
-0.000507246
-0.000507975
-0.000508703
-0.000509432
-0.000510161
-0.000510889
-0.000511618
-0.000512347
-0.000513075
-0.000513804
-0.000514533
-0.000515261
-0.00051599
-0.000516719
-0.000517447
-0.000518176
-0.000518905
-0.000519633
-0.000507952
-0.00049627
-0.000484588
-0.000472906
-0.000461224
-0.000449542
-0.00043786
-0.000426178
-0.000414495
-0.000402813
-0.000391131
-0.000379449
-0.000367767
-0.000356085
-0.000344403
-0.000332721
-0.000321039
-0.000309356
-0.000297674
-0.000285992
-0.00027431
-0.000262628
-0.000250945
-0.000239263
-0.000227581
-0.000215899
-0.000204217
-0.000192534
-0.000180852
-0.00016917
-0.000157487
-0.000145805
-0.000134123
-0.00012244
-0.000110758
-9.90756e-05
-8.73932e-05
-7.57108e-05
-6.40284e-05
-5.23459e-05
-4.06635e-05
-2.8981e-05
-1.72986e-05
-5.61611e-06
2.4923e-06
7.42923e-06
1.23662e-05
1.73031e-05
2.224e-05
2.7177e-05
3.21139e-05
3.70508e-05
4.19878e-05
4.69248e-05
5.18617e-05
5.67987e-05
6.17357e-05
6.66726e-05
7.16096e-05
7.65466e-05
8.14836e-05
8.64206e-05
9.13576e-05
9.62946e-05
0.000101232
0.000106169
0.000111106
0.000116043
0.00012098
0.000125917
0.000130854
0.000135791
0.000140728
0.000145665
0.000150602
0.000155539
0.000160476
0.000165413
0.00017035
0.000175287
0.000180225
0.000185162
0.000190099
0.000195036
0.000199973
0.00020491
0.000209847
0.000214784
0.000219721
0.000224659
0.000229596
0.000234533
0.00023947
0.000244407
0.000249344
0.000254281
0.000259219
0.000264156
0.000269093
0.00027403
0.000278967
0.000283905
0.000288842
0.000293779
0.000298716
0.000303653
0.000308591
0.000313528
0.000318465
0.000323402
0.00032834
0.000333277
0.000338214
0.000343151
0.000348089
0.000353026
0.000357963
0.0003629
0.000367838
0.000372775
0.000374468
0.0003752
0.000375932
0.000376664
0.000377396
0.000378128
0.00037886
0.000379592
0.000380324
0.000381057
0.000381789
0.000382521
0.000383253
0.000383985
0.000384717
0.000385449
0.000386181
0.000386913
0.000387645
0.000388377
0.000389109
0.000389842
0.000390574
0.000391306
0.000392038
0.00039277
0.000393502
0.000394234
0.000394966
0.000395698
0.00039643
0.000397163
0.000397895
0.000398627
0.000399359
0.000400091
0.000400823
0.000401555
0.000402287
0.000403019
0.000403751
0.000404484
0.000405216
0.000405948
0.00040668
0.000407412
0.000408144
0.000408876
0.000409608
0.00041034
0.000411072
0.000411805
0.000412537
0.000413269
0.000414001
0.000414733
0.000415465
0.000416197
0.000416929
0.000417662
0.000418394
0.000419126
0.000419858
0.00042059
0.000421322
0.000422054
0.000422786
0.000423518
0.000424251
0.000424983
0.000425715
0.000426447
0.000427179
0.000427911
0.000428643
0.000429375
0.000430108
0.00043084
0.000431572
0.000432304
0.000433036
0.000433768
0.0004345
0.000435233
0.000435965
0.000436697
0.000437429
0.000438161
0.000438893
0.000439625
0.000440357
0.00044109
0.000441822
0.000442554
0.000443286
0.000444018
0.00044475
0.000445482
0.000446215
0.000446947
0.000447679
0.000448411
0.000449143
0.000449875
0.000450607
0.00045134
0.000452072
0.000452804
0.000453536
0.000454268
0.000455
0.000455732
0.000456465
0.000457197
0.000457929
0.000458661
0.000459393
0.000460125
0.000460858
0.00046159
0.000462322
0.000463054
0.000463786
0.000464518
0.00046525
0.000465983
0.000466715
0.000467447
0.000468179
0.00046889
0.000469587
0.000470288
0.000470988
0.000471689
0.000472389
0.000473088
0.000473788
0.000474487
0.000475186
0.000475884
0.000476583
0.000477281
0.000477888
0.000478354
0.000478821
0.000479287
0.000479754
0.00048022
0.000480687
0.000481153
0.00048162
0.000482087
0.000482553
0.00048302
0.000483486
0.000483953
0.000484419
0.000484886
0.000485352
0.000485819
0.000486285
0.000486752
0.000487218
0.000487685
0.000488151
0.000488617
0.000489084
0.00048955
0.000490017
0.000490483
0.00049095
0.000491416
0.000491883
0.000492349
0.000492816
0.000493282
0.000493749
0.000494215
0.000494681
0.000495148
0.000495614
0.000496081
0.000496547
0.000497014
0.00049748
0.000497947
0.000498413
0.000499087
0.000499812
0.000500536
0.000501261
0.000501985
0.00050271
0.000503434
0.000504159
0.000504883
0.000505608
0.000506333
0.000507057
0.000507782
0.000508506
0.000509231
0.000509955
0.00051068
0.000511404
0.000512129
0.000512853
0.000513577
0.000514302
0.000515026
0.000515751
0.000516475
0.0005172
0.000517924
0.000506245
0.000494565
0.000482885
0.000471206
0.000459526
0.000447846
0.000436167
0.000424487
0.000412808
0.000401128
0.000389449
0.000377769
0.000366089
0.00035441
0.00034273
0.000331051
0.000319372
0.000307692
0.000296013
0.000284333
0.000272654
0.000260974
0.000249295
0.000237616
0.000225936
0.000214257
0.000202578
0.000190898
0.000179219
0.00016754
0.00015586
0.000144181
0.000132502
0.000120822
0.000109143
9.7464e-05
8.57847e-05
7.41055e-05
6.24263e-05
5.07471e-05
3.9068e-05
2.73888e-05
1.57097e-05
4.03052e-06
-3.28781e-06
-8.19781e-06
-1.31078e-05
-1.80178e-05
-2.29278e-05
-2.78377e-05
-3.27477e-05
-3.76577e-05
-4.25676e-05
-4.74776e-05
-5.23875e-05
-5.72975e-05
-6.22074e-05
-6.71174e-05
-7.20273e-05
-7.69372e-05
-8.18471e-05
-8.6757e-05
-9.1667e-05
-9.65769e-05
-0.000101487
-0.000106397
-0.000111307
-0.000116216
-0.000121126
-0.000126036
-0.000130946
-0.000135856
-0.000140766
-0.000145676
-0.000150586
-0.000155495
-0.000160405
-0.000165315
-0.000170225
-0.000175135
-0.000180045
-0.000184954
-0.000189864
-0.000194774
-0.000199684
-0.000204594
-0.000209503
-0.000214413
-0.000219323
-0.000224233
-0.000229142
-0.000234052
-0.000238962
-0.000243872
-0.000248782
-0.000253691
-0.000258601
-0.000263511
-0.00026842
-0.00027333
-0.00027824
-0.00028315
-0.000288059
-0.000292969
-0.000297879
-0.000302788
-0.000307698
-0.000312608
-0.000317518
-0.000322427
-0.000327337
-0.000332247
-0.000337156
-0.000342066
-0.000346976
-0.000351885
-0.000356795
-0.000361705
-0.000366614
-0.000371524
-0.000376433
-0.000381343
-0.000386253
-0.000389897
-0.000390622
-0.000391346
-0.000392071
-0.000392796
-0.000393521
-0.000394246
-0.00039497
-0.000395695
-0.00039642
-0.000397145
-0.000397869
-0.000398594
-0.000399319
-0.000400044
-0.000400768
-0.000401493
-0.000402218
-0.000402943
-0.000403667
-0.000404392
-0.000405117
-0.000405842
-0.000406566
-0.000407291
-0.000408016
-0.000408741
-0.000409466
-0.00041019
-0.000410915
-0.00041164
-0.000412365
-0.000413089
-0.000413814
-0.000414539
-0.000415264
-0.000415988
-0.000416713
-0.000417438
-0.000418163
-0.000418887
-0.000419612
-0.000420337
-0.000421062
-0.000421786
-0.000422511
-0.000423236
-0.00042396
-0.000424685
-0.00042541
-0.000426135
-0.000426859
-0.000427584
-0.000428309
-0.000429034
-0.000429758
-0.000430483
-0.000431208
-0.000431933
-0.000432657
-0.000433382
-0.000434107
-0.000434832
-0.000435556
-0.000436281
-0.000437006
-0.00043773
-0.000438455
-0.00043918
-0.000439905
-0.000440629
-0.000441354
-0.000442079
-0.000442804
-0.000443528
-0.000444253
-0.000444978
-0.000445702
-0.000446427
-0.000447152
-0.000447877
-0.000448601
-0.000449326
-0.000450051
-0.000450775
-0.0004515
-0.000452225
-0.00045295
-0.000453674
-0.000454399
-0.000455124
-0.000455848
-0.000456573
-0.000457298
-0.000458023
-0.000458747
-0.000459472
-0.000460197
-0.000460921
-0.000461646
-0.000462371
-0.000463096
-0.00046382
-0.000464545
-0.00046526
-0.000465976
-0.000466692
-0.000467408
-0.000468125
-0.000468842
-0.000469559
-0.000470276
-0.000470994
-0.000471712
-0.000472431
-0.000473149
-0.000473868
-0.000474497
-0.000474962
-0.000475427
-0.000475893
-0.000476358
-0.000476823
-0.000477289
-0.000477754
-0.000478219
-0.000478685
-0.00047915
-0.000479615
-0.000480081
-0.000480546
-0.000481011
-0.000481477
-0.000481942
-0.000482407
-0.000482873
-0.000483338
-0.000483803
-0.000484269
-0.000484734
-0.0004852
-0.000485665
-0.00048613
-0.000486596
-0.000487061
-0.000487526
-0.000487992
-0.000488457
-0.000488923
-0.000489388
-0.000489853
-0.000490319
-0.000490784
-0.00049125
-0.000491715
-0.00049218
-0.000492646
-0.000493111
-0.000493577
-0.000494042
-0.000494507
-0.000494973
-0.000495438
-0.000495904
-0.000496369
-0.000496835
-0.0004973
-0.000497765
-0.000498231
-0.000498696
-0.000499162
-0.000499627
-0.000500093
-0.000500558
-0.000501024
-0.000501489
-0.000501954
-0.00050242
-0.000502885
-0.000503351
-0.000503816
-0.000504282
-0.000504747
-0.000505213
-0.000505678
-0.000506144
-0.000506609
-0.000507075
-0.00050754
-0.000508006
-0.000508471
-0.000508937
-0.000509402
-0.000509868
-0.000510333
-0.000510799
-0.000511264
-0.00051173
-0.000512195
-0.000512661
-0.000513126
-0.000513592
-0.000514057
-0.000514523
-0.000514988
-0.000515454
-0.000515919
-0.000516385
-0.00051685
-0.000517316
-0.000517781
-0.000506105
-0.000494429
-0.000482753
-0.000471077
-0.000459401
-0.000447725
-0.000436049
-0.000424373
-0.000412697
-0.000401021
-0.000389345
-0.000377669
-0.000365993
-0.000354317
-0.00034264
-0.000330964
-0.000319288
-0.000307612
-0.000295936
-0.000284259
-0.000272583
-0.000260907
-0.000249231
-0.000237554
-0.000225878
-0.000214202
-0.000202526
-0.000190849
-0.000179173
-0.000167497
-0.00015582
-0.000144144
-0.000132467
-0.000120791
-0.000109115
-9.74383e-05
-8.57618e-05
-7.40854e-05
-6.2409e-05
-5.07325e-05
-3.9056e-05
-2.73795e-05
-1.57031e-05
-4.02655e-06
3.16325e-06
8.10232e-06
1.30414e-05
1.79805e-05
2.29196e-05
2.78587e-05
3.27978e-05
3.77369e-05
4.2676e-05
4.76151e-05
5.25542e-05
5.74934e-05
6.24325e-05
6.73716e-05
7.23108e-05
7.72499e-05
8.21891e-05
8.71282e-05
9.20674e-05
9.70066e-05
0.000101946
0.000106885
0.000111824
0.000116763
0.000121702
0.000126642
0.000131581
0.00013652
0.000141459
0.000146399
0.000151338
0.000156277
0.000161216
0.000166155
0.000171095
0.000176034
0.000180973
0.000185912
0.000190852
0.000195791
0.00020073
0.000205669
0.000210609
0.000215548
0.000220487
0.000225427
0.000230366
0.000235305
0.000240245
0.000245184
0.000250123
0.000255063
0.000260002
0.000264941
0.000269881
0.00027482
0.000279759
0.000284699
0.000289638
0.000294577
0.000299517
0.000304456
0.000309395
0.000314335
0.000319274
0.000324214
0.000329153
0.000334092
0.000339032
0.000343971
0.000348911
0.00035385
0.000358789
0.000363729
0.000368668
0.000373608
0.000378547
0.000383487
0.000388426
0.000389214
0.000389947
0.000390679
0.000391412
0.000392145
0.000392878
0.00039361
0.000394343
0.000395076
0.000395809
0.000396541
0.000397274
0.000398007
0.000398739
0.000399472
0.000400205
0.000400938
0.00040167
0.000402403
0.000403136
0.000403869
0.000404601
0.000405334
0.000406067
0.000406799
0.000407532
0.000408265
0.000408998
0.00040973
0.000410463
0.000411196
0.000411929
0.000412661
0.000413394
0.000414127
0.00041486
0.000415592
0.000416325
0.000417058
0.00041779
0.000418523
0.000419256
0.000419989
0.000420721
0.000421454
0.000422187
0.00042292
0.000423652
0.000424385
0.000425118
0.000425851
0.000426583
0.000427316
0.000428049
0.000428782
0.000429514
0.000430247
0.00043098
0.000431713
0.000432445
0.000433178
0.000433911
0.000434644
0.000435376
0.000436109
0.000436842
0.000437575
0.000438308
0.00043904
0.000439773
0.000440506
0.000441239
0.000441971
0.000442704
0.000443437
0.00044417
0.000444902
0.000445635
0.000446368
0.000447101
0.000447833
0.000448566
0.000449299
0.000450032
0.000450765
0.000451497
0.00045223
0.000452963
0.000453696
0.000454428
0.000455161
0.000455894
0.000456627
0.00045736
0.000458092
0.000458825
0.000459558
0.000460273
0.000460977
0.000461683
0.000462388
0.000463093
0.000463798
0.000464503
0.000465207
0.000465911
0.000466614
0.000467317
0.000468021
0.000468723
0.000469399
0.000469864
0.000470329
0.000470794
0.000471259
0.000471724
0.000472189
0.000472654
0.000473119
0.000473584
0.000474049
0.000474514
0.000474979
0.000475444
0.000475909
0.000476373
0.000476838
0.000477303
0.000477768
0.000478233
0.000478698
0.000479163
0.000479628
0.000480093
0.000480558
0.000481023
0.000481488
0.000481953
0.000482417
0.000482882
0.000483347
0.000483812
0.000484277
0.000484742
0.000485207
0.000485672
0.000486137
0.000486602
0.000487066
0.000487531
0.000487996
0.000488461
0.000488926
0.000489391
0.000489856
0.000490321
0.000490785
0.00049125
0.000491715
0.00049218
0.000492645
0.00049311
0.000493575
0.000494039
0.000494504
0.000494969
0.000495434
0.000495899
0.000496364
0.000496828
0.000497293
0.000497758
0.000498223
0.000498688
0.000499153
0.000499617
0.000500082
0.000500547
0.000501012
0.000501477
0.000501941
0.000502406
0.000502871
0.000503336
0.000503801
0.000504265
0.00050473
0.000505195
0.00050566
0.000506125
0.000506589
0.000507054
0.000507519
0.000507984
0.000508448
0.000508913
0.000509378
0.000509843
0.000510308
0.000510772
0.000511237
0.000511702
0.000512167
0.000512631
0.000513096
0.000513561
0.000514026
0.00051449
0.000514955
0.00051542
0.000515884
0.000504211
0.000492538
0.000480865
0.000469192
0.000457519
0.000445846
0.000434173
0.0004225
0.000410827
0.000399154
0.000387481
0.000375808
0.000364135
0.000352462
0.000340789
0.000329116
0.000317443
0.000305771
0.000294098
0.000282425
0.000270752
0.000259079
0.000247406
0.000235734
0.000224061
0.000212388
0.000200715
0.000189042
0.00017737
0.000165697
0.000154024
0.000142351
0.000130679
0.000119006
0.000107333
9.56607e-05
8.39881e-05
7.23154e-05
6.06428e-05
4.89702e-05
3.72976e-05
2.5625e-05
1.39524e-05
2.27984e-06
-4.05607e-06
-9.00557e-06
-1.39551e-05
-1.89045e-05
-2.3854e-05
-2.88035e-05
-3.3753e-05
-3.87024e-05
-4.36519e-05
-4.86014e-05
-5.35508e-05
-5.85003e-05
-6.34497e-05
-6.83991e-05
-7.33486e-05
-7.8298e-05
-8.32474e-05
-8.81968e-05
-9.31462e-05
-9.80956e-05
-0.000103045
-0.000107994
-0.000112944
-0.000117893
-0.000122843
-0.000127792
-0.000132741
-0.000137691
-0.00014264
-0.000147589
-0.000152539
-0.000157488
-0.000162437
-0.000167387
-0.000172336
-0.000177285
-0.000182235
-0.000187184
-0.000192133
-0.000197083
-0.000202032
-0.000206981
-0.000211931
-0.00021688
-0.000221829
-0.000226779
-0.000231728
-0.000236677
-0.000241626
-0.000246576
-0.000251525
-0.000256474
-0.000261423
-0.000266373
-0.000271322
-0.000276271
-0.00028122
-0.000286169
-0.000291119
-0.000296068
-0.000301017
-0.000305966
-0.000310916
-0.000315865
-0.000320814
-0.000325763
-0.000330712
-0.000335661
-0.000340611
-0.00034556
-0.000350509
-0.000355458
-0.000360407
-0.000365356
-0.000370305
-0.000375255
-0.000380204
-0.000385153
-0.000389742
-0.000390474
-0.000391207
-0.00039194
-0.000392673
-0.000393405
-0.000394138
-0.000394871
-0.000395604
-0.000396336
-0.000397069
-0.000397802
-0.000398535
-0.000399267
-0.0004
-0.000400733
-0.000401466
-0.000402198
-0.000402931
-0.000403664
-0.000404397
-0.000405129
-0.000405862
-0.000406595
-0.000407328
-0.00040806
-0.000408793
-0.000409526
-0.000410258
-0.000410991
-0.000411724
-0.000412457
-0.000413189
-0.000413922
-0.000414655
-0.000415388
-0.00041612
-0.000416853
-0.000417586
-0.000418318
-0.000419051
-0.000419784
-0.000420517
-0.000421249
-0.000421982
