0
0.000145071
0.000290142
0.000435213
0.000580284
0.000725355
0.000870426
0.0010155
0.00116057
0.00130564
0.00145071
0.00130564
0.00116057
0.0010155
0.000870426
0.000725355
0.000580284
0.000435213
0.000290142
0.000145071
1.34658e-20
-0.000145071
-0.000290142
-0.000435213
-0.000580284
-0.000725355
-0.000870426
-0.0010155
-0.00116057
-0.00130564
-0.00145071
-0.00130564
-0.00116057
-0.0010155
-0.000870426
-0.000725355
-0.000580284
-0.000435213
-0.000290142
-0.000145071
2.19019e-19
0.000145071
0.000290142
0.000435213
0.000580284
0.000725355
0.000870426
0.0010155
0.00116057
0.00130564
0.00145071
0.00130564
0.00116057
0.0010155
0.000870426
0.000725355
0.000580284
0.000435213
0.000290142
0.000145071
4.92966e-19
-0.000145071
-0.000290142
-0.000435213
-0.000580284
-0.000725355
-0.000870426
-0.0010155
-0.00116057
-0.00130564
-0.00145071
-0.00130564
-0.00116057
-0.0010155
-0.000870426
-0.000725355
-0.000580284
-0.000435213
-0.000290142
-0.000145071
2.59486e-19
0.000145071
0.000290142
0.000435213
0.000580284
0.000725355
0.000870426
0.0010155
0.00116057
0.00130564
0.00145071
0.00130564
0.00116057
0.0010155
0.000870426
0.000725355
0.000580284
0.000435213
0.000290142
0.000145071
4.29462e-19
-0.000145071
-0.000290142
-0.000435213
-0.000580284
-0.000725355
-0.000870426
-0.0010155
-0.00116057
-0.00130564
-0.00145071
-0.00130564
-0.00116057
-0.0010155
-0.000870426
-0.000725355
-0.000580284
-0.000435213
-0.000290142
-0.000145071
-2.75489e-19
0.000145071
0.000290142
0.000435213
0.000580284
0.000725355
0.000870426
0.0010155
0.00116057
0.00130564
0.00145071
0.00130564
0.00116057
0.0010155
0.000870426
0.000725355
0.000580284
0.000435213
0.000290142
0.000145071
-2.1039e-19
-0.000145071
-0.000290142
-0.000435213
-0.000580284
-0.000725355
-0.000870426
-0.0010155
-0.00116057
-0.00130564
-0.00145071
-0.00130564
-0.00116057
-0.0010155
-0.000870426
-0.000725355
-0.000580284
-0.000435213
-0.000290142
-0.000145071
-4.39745e-19
0.000145071
0.000290142
0.000435213
0.000580284
0.000725355
0.000870426
0.0010155
0.00116057
0.00130564
0.00145071
0.00130564
0.00116057
0.0010155
0.000870426
0.000725355
0.000580284
0.000435213
0.000290142
0.000145071
-5.00119e-19
-0.000145071
-0.000290142
-0.000435213
-0.000580284
-0.000725355
-0.000870426
-0.0010155
-0.00116057
-0.00130564
-0.00145071
-0.00130564
-0.00116057
-0.0010155
-0.000870426
-0.000725355
-0.000580284
-0.000435213
-0.000290142
-0.000145071
-3.75093e-19
0.000145071
0.000290142
0.000435213
0.000580284
0.000725355
0.000870426
0.0010155
0.00116057
0.00130564
0.00145071
0.00130564
0.00116057
0.0010155
0.000870426
0.000725355
0.000580284
0.000435213
0.000290142
0.000145071
-3.93185e-19
-0.000145071
-0.000290142
-0.000435213
-0.000580284
-0.000725355
-0.000870426
-0.0010155
-0.00116057
-0.00130564
-0.00145071
-0.00130564
-0.00116057
-0.0010155
-0.000870426
-0.000725355
-0.000580284
-0.000435213
-0.000290142
-0.000145071
1.41605e-20
0.000148791
0.000297582
0.000446372
0.000595163
0.000743954
0.000892745
0.00104154
0.00119033
0.00133912
0.00148791
0.0016367
0.00178549
0.00193428
0.00178549
0.0016367
0.00148791
0.00133912
0.00119033
0.00104154
0.000892745
0.000743954
0.000595163
0.000446372
0.000297582
0.000148791
9.01726e-20
-0.000148791
-0.000297582
-0.000446372
-0.000595163
-0.000743954
-0.000892745
-0.00104154
-0.00119033
-0.00133912
-0.00148791
-0.0016367
-0.00178549
-0.00193428
-0.00178549
-0.0016367
-0.00148791
-0.00133912
-0.00119033
-0.00104154
-0.000892745
-0.000743954
-0.000595163
-0.000446372
-0.000297582
-0.000148791
-2.83443e-20
0.000148791
0.000297582
0.000446372
0.000595163
0.000743954
0.000892745
0.00104154
0.00119033
0.00133912
0.00148791
0.0016367
0.00178549
0.00193428
0.00178549
0.0016367
0.00148791
0.00133912
0.00119033
0.00104154
0.000892745
0.000743954
0.000595163
0.000446372
0.000297582
0.000148791
-2.61222e-19
-0.000148791
-0.000297582
-0.000446372
-0.000595163
-0.000743954
-0.000892745
-0.00104154
-0.00119033
-0.00133912
-0.00148791
-0.0016367
-0.00178549
-0.00193428
-0.00178549
-0.0016367
-0.00148791
-0.00133912
-0.00119033
-0.00104154
-0.000892745
-0.000743954
-0.000595163
-0.000446372
-0.000297582
-0.000148791
-2.99244e-19
0.000148791
0.000297582
0.000446372
0.000595163
0.000743954
0.000892745
0.00104154
0.00119033
0.00133912
0.00148791
0.0016367
0.00178549
0.00193428
0.00178549
0.0016367
0.00148791
0.00133912
0.00119033
0.00104154
0.000892745
0.000743954
0.000595163
0.000446372
0.000297582
0.000148791
-1.17491e-19
-0.000148791
-0.000297582
-0.000446372
-0.000595163
-0.000743954
-0.000892745
-0.00104154
-0.00119033
-0.00133912
-0.00148791
-0.0016367
-0.00178549
-0.00193428
-0.00178549
-0.0016367
-0.00148791
-0.00133912
-0.00119033
-0.00104154
-0.000892745
-0.000743954
-0.000595163
-0.000446372
-0.000297582
-0.000148791
1.22206e-19
0.000148791
0.000297582
0.000446372
0.000595163
0.000743954
0.000892745
0.00104154
0.00119033
0.00133912
0.00148791
0.0016367
0.00178549
0.00193428
0.00178549
0.0016367
0.00148791
0.00133912
0.00119033
0.00104154
0.000892745
0.000743954
0.000595163
0.000446372
0.000297582
0.000148791
7.61525e-20
-0.000148791
-0.000297582
-0.000446372
-0.000595163
-0.000743954
-0.000892745
-0.00104154
-0.00119033
-0.00133912
-0.00148791
-0.0016367
-0.00178549
-0.00193428
-0.00178549
-0.0016367
-0.00148791
-0.00133912
-0.00119033
-0.00104154
-0.000892745
-0.000743954
-0.000595163
-0.000446372
-0.000297582
-0.000148791
-3.20287e-19
0.000148791
0.000297582
0.000446372
0.000595163
0.000743954
0.000892745
0.00104154
0.00119033
0.00133912
0.00148791
0.0016367
0.00178549
0.00193428
0.00178549
0.0016367
0.00148791
0.00133912
0.00119033
0.00104154
0.000892745
0.000743954
0.000595163
0.000446372
0.000297582
0.000148791
-2.12951e-19
-0.000148791
-0.000297582
-0.000446372
-0.000595163
-0.000743954
-0.000892745
-0.00104154
-0.00119033
-0.00133912
-0.00148791
-0.0016367
-0.00178549
-0.00193428
-0.00178549
-0.0016367
-0.00148791
-0.00133912
-0.00119033
-0.00104154
-0.000892745
-0.000743954
-0.000595163
-0.000446372
-0.000297582
-0.000148791
-3.18061e-19
0.000148791
0.000297582
0.000446372
0.000595163
0.000743954
0.000892745
0.00104154
0.00119033
0.00133912
0.00148791
0.0016367
0.00178549
0.00193428
0.00178549
0.0016367
0.00148791
0.00133912
0.00119033
0.00104154
0.000892745
0.000743954
0.000595163
0.000446372
0.000297582
0.000148791
-1.67425e-19
-0.000148791
-0.000297582
-0.000446372
-0.000595163
-0.000743954
-0.000892745
-0.00104154
-0.00119033
-0.00133912
-0.00148791
-0.0016367
-0.00178549
-0.00193428
-0.00178549
-0.0016367
-0.00148791
-0.00133912
-0.00119033
-0.00104154
-0.000892745
-0.000743954
-0.000595163
-0.000446372
-0.000297582
-0.000148791
-7.37776e-20
0.000145071
0.000290142
0.000435213
0.000580284
0.000725355
0.000870426
0.0010155
0.00116057
0.00130564
0.00145071
0.00159578
0.00174085
0.00188592
0.00203099
0.00217606
0.00232114
0.00246621
0.00261128
0.00275635
0.00290142
0.00275635
0.00261128
0.00246621
0.00232114
0.00217606
0.00203099
0.00188592
0.00174085
0.00159578
0.00145071
0.00130564
0.00116057
0.0010155
0.000870426
0.000725355
0.000580284
0.000435213
0.000290142
0.000145071
-1.24347e-19
-0.000145071
-0.000290142
-0.000435213
-0.000580284
-0.000725355
-0.000870426
-0.0010155
-0.00116057
-0.00130564
-0.00145071
-0.00159578
-0.00174085
-0.00188592
-0.00203099
-0.00217607
-0.00232114
-0.00246621
-0.00261128
-0.00275635
-0.00290142
-0.00275635
-0.00261128
-0.00246621
-0.00232114
-0.00217607
-0.00203099
-0.00188592
-0.00174085
-0.00159578
-0.00145071
-0.00130564
-0.00116057
-0.0010155
-0.000870426
-0.000725355
-0.000580284
-0.000435213
-0.000290142
-0.000145071
-3.5533e-19
0.000145071
0.000290142
0.000435213
0.000580284
0.000725355
0.000870426
0.0010155
0.00116057
0.00130564
0.00145071
0.00159578
0.00174085
0.00188592
0.00203099
0.00217606
0.00232114
0.00246621
0.00261128
0.00275635
0.00290142
0.00275635
0.00261128
0.00246621
0.00232114
0.00217606
0.00203099
0.00188592
0.00174085
0.00159578
0.00145071
0.00130564
0.00116057
0.0010155
0.000870426
0.000725355
0.000580284
0.000435213
0.000290142
0.000145071
-4.10623e-19
-0.000145071
-0.000290142
-0.000435213
-0.000580284
-0.000725355
-0.000870426
-0.0010155
-0.00116057
-0.00130564
-0.00145071
-0.00159578
-0.00174085
-0.00188592
-0.00203099
-0.00217607
-0.00232114
-0.00246621
-0.00261128
-0.00275635
-0.00290142
-0.00275635
-0.00261128
-0.00246621
-0.00232114
-0.00217607
-0.00203099
-0.00188592
-0.00174085
-0.00159578
-0.00145071
-0.00130564
-0.00116057
-0.0010155
-0.000870426
-0.000725355
-0.000580284
-0.000435213
-0.000290142
-0.000145071
-2.17194e-20
0.000145071
0.000290142
0.000435213
0.000580284
0.000725355
0.000870426
0.0010155
0.00116057
0.00130564
0.00145071
0.00159578
0.00174085
0.00188592
0.00203099
0.00217606
0.00232114
0.00246621
0.00261128
0.00275635
0.00290142
0.00275635
0.00261128
0.00246621
0.00232114
0.00217606
0.00203099
0.00188592
0.00174085
0.00159578
0.00145071
0.00130564
0.00116057
0.0010155
0.000870426
0.000725355
0.000580284
0.000435213
0.000290142
0.000145071
-5.28828e-19
-0.000145071
-0.000290142
-0.000435213
-0.000580284
-0.000725355
-0.000870426
-0.0010155
-0.00116057
-0.00130564
-0.00145071
-0.00159578
-0.00174085
-0.00188592
-0.00203099
-0.00217607
-0.00232114
-0.00246621
-0.00261128
-0.00275635
-0.00290142
-0.00275635
-0.00261128
-0.00246621
-0.00232114
-0.00217607
-0.00203099
-0.00188592
-0.00174085
-0.00159578
-0.00145071
-0.00130564
-0.00116057
-0.0010155
-0.000870426
-0.000725355
-0.000580284
-0.000435213
-0.000290142
-0.000145071
-6.92003e-19
0.000145071
0.000290142
0.000435213
0.000580284
0.000725355
0.000870426
0.0010155
0.00116057
0.00130564
0.00145071
0.00159578
0.00174085
0.00188592
0.00203099
0.00217606
0.00232114
0.00246621
0.00261128
0.00275635
0.00290142
0.00275635
0.00261128
0.00246621
0.00232114
0.00217606
0.00203099
0.00188592
0.00174085
0.00159578
0.00145071
0.00130564
0.00116057
0.0010155
0.000870426
0.000725355
0.000580284
0.000435213
0.000290142
0.000145071
-1.38499e-18
-0.000145071
-0.000290142
-0.000435213
-0.000580284
-0.000725355
-0.000870426
-0.0010155
-0.00116057
-0.00130564
-0.00145071
-0.00159578
-0.00174085
-0.00188592
-0.00203099
-0.00217607
-0.00232114
-0.00246621
-0.00261128
-0.00275635
-0.00290142
-0.00275635
-0.00261128
-0.00246621
-0.00232114
-0.00217607
-0.00203099
-0.00188592
-0.00174085
-0.00159578
-0.00145071
-0.00130564
-0.00116057
-0.0010155
-0.000870426
-0.000725355
-0.000580284
-0.000435213
-0.000290142
-0.000145071
-9.48212e-19
0.000145071
0.000290142
0.000435213
0.000580284
0.000725355
0.000870426
0.0010155
0.00116057
0.00130564
0.00145071
0.00159578
0.00174085
0.00188592
0.00203099
0.00217606
0.00232114
0.00246621
0.00261128
0.00275635
0.00290142
0.00275635
0.00261128
0.00246621
0.00232114
0.00217606
0.00203099
0.00188592
0.00174085
0.00159578
0.00145071
0.00130564
0.00116057
0.0010155
0.000870426
0.000725355
0.000580284
0.000435213
0.000290142
0.000145071
-1.39881e-18
-0.000145071
-0.000290142
-0.000435213
-0.000580284
-0.000725355
-0.000870426
-0.0010155
-0.00116057
-0.00130564
-0.00145071
-0.00159578
-0.00174085
-0.00188592
-0.00203099
-0.00217607
-0.00232114
-0.00246621
-0.00261128
-0.00275635
-0.00290142
-0.00275635
-0.00261128
-0.00246621
-0.00232114
-0.00217607
-0.00203099
-0.00188592
-0.00174085
-0.00159578
-0.00145071
-0.00130564
-0.00116057
-0.0010155
-0.000870426
-0.000725355
-0.000580284
-0.000435213
-0.000290142
-0.000145071
-1.89066e-18
0.000145071
0.000290142
0.000435213
0.000580284
0.000725355
0.000870426
0.0010155
0.00116057
0.00130564
0.00145071
0.00159578
0.00174085
0.00188592
0.00203099
0.00217606
0.00232114
0.00246621
0.00261128
0.00275635
0.00290142
0.00275635
0.00261128
0.00246621
0.00232114
0.00217606
0.00203099
0.00188592
0.00174085
0.00159578
0.00145071
0.00130564
0.00116057
0.0010155
0.000870426
0.000725355
0.000580284
0.000435213
0.000290142
0.000145071
-1.48737e-18
-0.000145071
-0.000290142
-0.000435213
-0.000580284
-0.000725355
-0.000870426
-0.0010155
-0.00116057
-0.00130564
-0.00145071
-0.00159578
-0.00174085
-0.00188592
-0.00203099
-0.00217607
-0.00232114
-0.00246621
-0.00261128
-0.00275635
-0.00290142
-0.00275635
-0.00261128
-0.00246621
-0.00232114
-0.00217607
-0.00203099
-0.00188592
-0.00174085
-0.00159578
-0.00145071
-0.00130564
-0.00116057
-0.0010155
-0.000870426
-0.000725355
-0.000580284
-0.000435213
-0.000290142
-0.000145071
-1.71391e-18
0.00014328
0.00028656
0.00042984
0.00057312
0.0007164
0.00085968
0.00100296
0.00114624
0.00128952
0.0014328
0.00157608
0.00171936
0.00186264
0.00200592
0.0021492
0.00229248
0.00243576
0.00257904
0.00272232
0.0028656
0.00301075
0.00338324
0.00375572
0.0041282
0.00450068
0.00487317
0.00524565
0.00510237
0.00495909
0.00481581
0.00467253
0.00452925
0.00438597
0.00424269
0.00409941
0.00395613
0.00381285
0.00366957
0.00352629
0.00338301
0.00323973
0.00309645
0.00295317
0.00280989
0.00266661
0.00252333
0.00238005
0.00223677
0.00209349
0.00195021
0.00180693
0.00166365
0.00152037
0.00137709
0.00123381
0.00109053
0.000947252
0.000803973
0.000660693
0.000517413
0.000374133
0.000230853
8.75727e-05
-5.57073e-05
-0.000198987
-0.000342267
-0.000485547
-0.000694022
-0.00102494
-0.00135585
-0.00168676
-0.00201768
-0.00234859
-0.0026795
-0.00301076
-0.00338324
-0.00375573
-0.00412821
-0.00450069
-0.00487318
-0.00524566
-0.00510238
-0.0049591
-0.00481582
-0.00467254
-0.00452926
-0.00438598
-0.0042427
-0.00409942
-0.00395614
-0.00381286
-0.00366958
-0.0035263
-0.00338302
-0.00323974
-0.00309646
-0.00295318
-0.0028099
-0.00266662
-0.00252334
-0.00238006
-0.00223678
-0.0020935
-0.00195022
-0.00180694
-0.00166366
-0.00152038
-0.0013771
-0.00123382
-0.00109054
-0.00094726
-0.00080398
-0.0006607
-0.00051742
-0.00037414
-0.000230859
-8.75794e-05
5.57006e-05
0.000198981
0.000342261
0.000485541
0.000628821
0.000956646
0.00131406
0.00167148
0.0020289
0.00238631
0.00274373
0.00310115
0.00345857
0.00381598
0.0041734
0.00453082
0.00488823
0.00524565
0.00510237
0.00495909
0.00481581
0.00467253
0.00452925
0.00438597
0.00424269
0.00409941
0.00395613
0.00381285
0.00366957
0.00352629
0.00338301
0.00323973
0.00309645
0.00295317
0.00280989
0.00266661
0.00252333
0.00238005
0.00223677
0.00209349
0.00195021
0.00180693
0.00166365
0.00152037
0.00137709
0.00123381
0.00109053
0.000947252
0.000803973
0.000660693
0.000517413
0.000374133
0.000230853
8.75727e-05
-5.57073e-05
-0.000198987
-0.000342267
-0.000485547
-0.000628827
-0.000956643
-0.00131406
-0.00167148
-0.0020289
-0.00238632
-0.00274373
-0.00310115
-0.00345857
-0.00381599
-0.00417341
-0.00453083
-0.00488824
-0.00524566
-0.00510238
-0.0049591
-0.00481582
-0.00467254
-0.00452926
-0.00438598
-0.0042427
-0.00409942
-0.00395614
-0.00381286
-0.00366958
-0.0035263
-0.00338302
-0.00323974
-0.00309646
-0.00295318
-0.0028099
-0.00266662
-0.00252334
-0.00238006
-0.00223678
-0.0020935
-0.00195022
-0.00180694
-0.00166366
-0.00152038
-0.0013771
-0.00123382
-0.00109054
-0.00094726
-0.00080398
-0.0006607
-0.00051742
-0.00037414
-0.000230859
-8.75794e-05
5.57006e-05
0.000198981
0.000342261
0.000485541
0.000628821
0.000956646
0.00131406
0.00167148
0.0020289
0.00238631
0.00274373
0.00310115
0.00345857
0.00381598
0.0041734
0.00453082
0.00488823
0.00524565
0.00510237
0.00495909
0.00481581
0.00467253
0.00452925
0.00438597
0.00424269
0.00409941
0.00395613
0.00381285
0.00366957
0.00352629
0.00338301
0.00323973
0.00309645
0.00295317
0.00280989
0.00266661
0.00252333
0.00238005
0.00223677
0.00209349
0.00195021
0.00180693
0.00166365
0.00152037
0.00137709
0.00123381
0.00109053
0.000947252
0.000803973
0.000660693
0.000517413
0.000374133
0.000230853
8.75727e-05
-5.57073e-05
-0.000198987
-0.000342267
-0.000485547
-0.000628827
-0.000956643
-0.00131406
-0.00167148
-0.0020289
-0.00238632
-0.00274373
-0.00310115
-0.00345857
-0.00381599
-0.00417341
-0.00453083
-0.00488824
-0.00524566
-0.00510238
-0.0049591
-0.00481582
-0.00467254
-0.00452926
-0.00438598
-0.0042427
-0.00409942
-0.00395614
-0.00381286
-0.00366958
-0.0035263
-0.00338302
-0.00323974
-0.00309646
-0.00295318
-0.0028099
-0.00266662
-0.00252334
-0.00238006
-0.00223678
-0.0020935
-0.00195022
-0.00180694
-0.00166366
-0.00152038
-0.0013771
-0.00123382
-0.00109054
-0.00094726
-0.00080398
-0.0006607
-0.00051742
-0.00037414
-0.000230859
-8.75794e-05
5.57006e-05
0.000198981
0.000342261
0.000485541
0.000628821
0.000956646
0.00131406
0.00167148
0.0020289
0.00238631
0.00274373
0.00310115
0.00345857
0.00381598
0.0041734
0.00453082
0.00488823
0.00524565
0.00510237
0.00495909
0.00481581
0.00467253
0.00452925
0.00438597
0.00424269
0.00409941
0.00395613
0.00381285
0.00366957
0.00352629
0.00338301
0.00323973
0.00309645
0.00295317
0.00280989
0.00266661
0.00252333
0.00238005
0.00223677
0.00209349
0.00195021
0.00180693
0.00166365
0.00152037
0.00137709
0.00123381
0.00109053
0.000947252
0.000803973
0.000660693
0.000517413
0.000374133
0.000230853
8.75727e-05
-5.57073e-05
-0.000198987
-0.000342267
-0.000485547
-0.000628827
-0.000956643
-0.00131406
-0.00167148
-0.0020289
-0.00238632
-0.00274373
-0.00310115
-0.00345857
-0.00381599
-0.00417341
-0.00453083
-0.00488824
-0.00524566
-0.00510238
-0.0049591
-0.00481582
-0.00467254
-0.00452926
-0.00438598
-0.0042427
-0.00409942
-0.00395614
-0.00381286
-0.00366958
-0.0035263
-0.00338302
-0.00323974
-0.00309646
-0.00295318
-0.0028099
-0.00266662
-0.00252334
-0.00238006
-0.00223678
-0.0020935
-0.00195022
-0.00180694
-0.00166366
-0.00152038
-0.0013771
-0.00123557
-0.00109403
-0.000952502
-0.000810969
-0.000669436
-0.000527903
-0.000386371
-0.000244838
-0.000103305
3.82274e-05
0.00017976
0.000321293
0.000462826
0.000604358
0.000891264
0.00124432
0.00159738
0.00195044
0.0023035
0.00265656
0.00300961
0.00336267
0.00371573
0.00406879
0.00442185
0.00477491
0.00512796
0.00549094
0.00585888
0.00622682
0.00659476
0.0069627
0.00733064
0.00769858
0.00806652
0.00843446
0.0088024
0.00917034
0.00953828
0.00990622
0.0102742
0.0101326
0.0099911
0.00984957
0.00970803
0.0095665
0.00942497
0.00928344
0.0091419
0.00900037
0.00885884
0.00871731
0.00857577
0.00843424
0.00829271
0.00815118
0.00800964
0.00786811
0.00772658
0.00758505
0.00744351
0.00730198
0.00716045
0.00701892
0.00687739
0.00673585
0.00659432
0.00645279
0.00630732
0.00615651
0.00600571
0.0058549
0.00570409
0.00555329
0.00540248
0.00525168
0.00510087
0.00495006
0.00479926
0.00464845
0.00449765
0.00434684
0.00419604
0.00404523
0.00389442
0.00374362
0.00346668
0.00307657
0.00268647
0.00229636
0.00190626
0.00151615
0.00112605
0.000735944
0.000345839
-4.42657e-05
-0.00043437
-0.000824475
-0.00121458
-0.00160468
-0.00199479
-0.00238489
-0.002775
-0.0031651
-0.00355521
-0.00394531
-0.00433542
-0.00472552
-0.00511563
-0.00549096
-0.0058589
-0.00622684
-0.00659478
-0.00696273
-0.00733067
-0.00769861
-0.00806655
-0.00843449
-0.00880244
-0.00917038
-0.00953832
-0.00990626
-0.0102742
-0.0101327
-0.00999114
-0.0098496
-0.00970807
-0.00956654
-0.00942501
-0.00928347
-0.00914194
-0.00900041
-0.00885887
-0.00871734
-0.00857581
-0.00843427
-0.00829274
-0.00815121
-0.00800968
-0.00786814
-0.00772661
-0.00758508
-0.00744354
-0.00730201
-0.00716048
-0.00701895
-0.00687741
-0.00673588
-0.00659435
-0.00645281
-0.00629832
-0.00612626
-0.0059542
-0.00578214
-0.00561009
-0.00543803
-0.00526597
-0.00509391
-0.00492185
-0.00474979
-0.00457774
-0.00440568
-0.00423362
-0.00406156
-0.0038895
-0.00371744
-0.00354539
-0.00337333
-0.00320127
-0.00302921
-0.00285715
-0.00268509
-0.00251304
-0.00218999
-0.00178792
-0.00138585
-0.000983784
-0.000581715
-0.000179645
0.000222425
0.000624495
0.00102656
0.00142863
0.0018307
0.00223277
0.00263484
0.00303691
0.00343898
0.00384105
0.00424312
0.00464519
0.00504726
0.00544933
0.0058514
0.00625347
0.00665554
0.00705761
0.00745968
0.00786175
0.00826382
0.00866589
0.00906795
0.00947002
0.00987209
0.0102742
0.0101326
0.0099911
0.00984957
0.00970803
0.0095665
0.00942497
0.00928344
0.0091419
0.00900037
0.00885884
0.00871731
0.00857577
0.00843424
0.00829271
0.00815118
0.00800964
0.00786811
0.00772658
0.00758505
0.00744351
0.00730198
0.00716045
0.00701892
0.00687739
0.00673585
0.00659432
0.00645279
0.0062983
0.00612624
0.00595418
0.00578212
0.00561006
0.00543801
0.00526595
0.00509389
0.00492183
0.00474978
0.00457772
0.00440566
0.0042336
0.00406154
0.00388949
0.00371743
0.00354537
0.00337331
0.00320126
0.0030292
0.00285714
0.00268508
0.00251302
0.00219002
0.00178794
0.00138587
0.000983802
0.00058173
0.000179659
-0.000222413
-0.000624484
-0.00102656
-0.00142863
-0.0018307
-0.00223277
-0.00263484
-0.00303691
-0.00343898
-0.00384106
-0.00424313
-0.0046452
-0.00504727
-0.00544934
-0.00585141
-0.00625349
-0.00665556
-0.00705763
-0.0074597
-0.00786177
-0.00826384
-0.00866592
-0.00906799
-0.00947006
-0.00987213
-0.0102742
-0.0101327
-0.00999114
-0.0098496
-0.00970807
-0.00956654
-0.00942501
-0.00928347
-0.00914194
-0.00900041
-0.00885887
-0.00871734
-0.00857581
-0.00843427
-0.00829274
-0.00815121
-0.00800968
-0.00786814
-0.00772661
-0.00758508
-0.00744354
-0.00730201
-0.00716048
-0.00701895
-0.00687741
-0.00673588
-0.00659435
-0.00645281
-0.00629832
-0.00612626
-0.0059542
-0.00578214
-0.00561009
-0.00543803
-0.00526597
-0.00509391
-0.00492185
-0.00474979
-0.00457774
-0.00440568
-0.00423362
-0.00406156
-0.00389054
-0.00371953
-0.00354851
-0.0033775
-0.00320648
-0.00303547
-0.00286445
-0.00269344
-0.00252242
-0.00221436
-0.00181473
-0.0014151
-0.00101546
-0.00061583
-0.000216197
0.000183436
0.000583069
0.000982702
0.00138234
0.00178197
0.0021816
0.00258123
0.00298087
0.0033805
0.00378013
0.00417976
0.0045794
0.00497903
0.00537866
0.0057783
0.00617793
0.00657756
0.00697719
0.00737683
0.00777646
0.00817609
0.00857572
0.00897536
0.00937499
0.00977462
0.0101743
0.0105484
0.0109142
0.0112799
0.0116456
0.0120113
0.0124331
0.0128582
0.0132832
0.0137082
0.0141332
0.0145583
0.0149833
0.0154083
0.0158334
0.0156927
0.015552
0.0154113
0.0152707
0.01513
0.0149893
0.0148486
0.014708
0.0145673
0.0144266
0.0142859
0.0141453
0.0140046
0.0138639
0.0137232
0.0135826
0.0134419
0.0133012
0.0131605
0.0130199
0.0128792
0.0127385
0.0125978
0.0124572
0.0123165
0.0121758
0.0120351
0.0118945
0.0117538
0.0116131
0.011444
0.0112409
0.0110377
0.0108346
0.0106315
0.0104284
0.0102253
0.0100222
0.00981906
0.00961594
0.00941283
0.00920971
0.0090066
0.00880348
0.00860037
0.00839726
0.00819414
0.00799103
0.00778791
0.0075848
0.00738168
0.00717857
0.00697546
0.00677234
0.00656923
0.00636611
0.00599152
0.00557711
0.0051627
0.00474828
0.00433387
0.00391946
0.00350504
0.00309063
0.00267622
0.0022618
0.00184739
0.00143298
0.00101856
0.000604151
0.000189738
-0.000224676
-0.000639089
-0.0010535
-0.00146792
-0.00188233
-0.00229674
-0.00271116
-0.00312557
-0.00353998
-0.0039544
-0.00436881
-0.00478322
-0.00519764
-0.00561205
-0.00602646
-0.00644088
-0.00685529
-0.0072697
-0.00768412
-0.00809853
-0.00851295
-0.00892736
-0.00934177
-0.00975619
-0.0101706
-0.0105485
-0.0109142
-0.0112799
-0.0116456
-0.0120113
-0.0124332
-0.0128582
-0.0132833
-0.0137083
-0.0141333
-0.0145584
-0.0149834
-0.0154084
-0.0158334
-0.0156928
-0.0155521
-0.0154114
-0.0152707
-0.0151301
-0.0149894
-0.0148487
-0.014708
-0.0145674
-0.0144267
-0.014286
-0.0141453
-0.0140047
-0.013864
-0.0137233
-0.0135826
-0.013442
-0.0133013
-0.0131606
-0.0130199
-0.0128793
-0.0127386
-0.0125979
-0.0124572
-0.0123166
-0.0121759
-0.0120352
-0.0118945
-0.0117539
-0.0116132
-0.0114368
-0.0112177
-0.0109987
-0.0107796
-0.0105606
-0.0103415
-0.0101225
-0.00990346
-0.00968442
-0.00946537
-0.00924633
-0.00902729
-0.00880825
-0.00858921
-0.00837016
-0.00815112
-0.00793208
-0.00771304
-0.007494
-0.00727495
-0.00705591
-0.00683687
-0.00661783
-0.00639879
-0.00617974
-0.0059607
-0.00574166
-0.00552262
-0.00530358
-0.00508454
-0.00477602
-0.00435542
-0.00393482
-0.00351422
-0.00309362
-0.00267302
-0.00225242
-0.00183182
-0.00141122
-0.000990624
-0.000570024
-0.000149424
0.000271175
0.000691775
0.00111237
0.00153297
0.00195357
0.00237417
0.00279477
0.00321537
0.00363597
0.00405657
0.00447717
0.00489777
0.00531837
0.00573897
0.00615957
0.00658017
0.00700077
0.00742137
0.00784197
0.00826257
0.00868317
0.00910377
0.00952437
0.00994497
0.0103656
0.0107862
0.0112068
0.0116274
0.012048
0.0124686
0.0128892
0.0133098
0.0137304
0.014151
0.0145716
0.0149922
0.0154128
0.0158334
0.0156927
0.015552
0.0154113
0.0152707
0.01513
0.0149893
0.0148486
0.014708
0.0145673
0.0144266
0.0142859
0.0141453
0.0140046
0.0138639
0.0137232
0.0135826
0.0134419
0.0133012
0.0131605
0.0130199
0.0128792
0.0127385
0.0125978
0.0124572
0.0123165
0.0121758
0.0120351
0.0118945
0.0117538
0.0116131
0.0114367
0.0112177
0.0109986
0.0107796
0.0105605
0.0103415
0.0101225
0.00990342
0.00968438
0.00946534
0.0092463
0.00902726
0.00880821
0.00858917
0.00837013
0.00815109
0.00793205
0.00771301
0.00749397
0.00727493
0.00705588
0.00683684
0.0066178
0.00639876
0.00617972
0.00596068
0.00574164
0.0055226
0.00530355
0.00508451
0.00477606
0.00435546
0.00393485
0.00351425
0.00309365
0.00267305
0.00225245
0.00183184
0.00141124
0.000990641
0.000570039
0.000149437
-0.000271165
-0.000691767
-0.00111237
-0.00153297
-0.00195357
-0.00237417
-0.00279478
-0.00321538
-0.00363598
-0.00405658
-0.00447718
-0.00489779
-0.00531839
-0.00573899
-0.00615959
-0.0065802
-0.0070008
-0.0074214
-0.007842
-0.0082626
-0.00868321
-0.00910381
-0.00952441
-0.00994501
-0.0103656
-0.0107862
-0.0112068
-0.0116274
-0.012048
-0.0124686
-0.0128892
-0.0133098
-0.0137304
-0.014151
-0.0145716
-0.0149922
-0.0154128
-0.0158334
-0.0156928
-0.0155521
-0.0154114
-0.0152707
-0.0151301
-0.0149894
-0.0148487
-0.014708
-0.0145674
-0.0144267
-0.014286
-0.0141453
-0.0140047
-0.013864
-0.0137233
-0.0135826
-0.013442
-0.0133013
-0.0131606
-0.0130199
-0.0128793
-0.0127386
-0.0125979
-0.0124572
-0.0123166
-0.0121759
-0.0120352
-0.0118945
-0.0117539
-0.0116132
-0.0114368
-0.0112177
-0.0109987
-0.0107796
-0.0105606
-0.0103415
-0.0101225
-0.00990346
-0.00968442
-0.00946537
-0.00924633
-0.00902729
-0.00880825
-0.00858921
-0.00837016
-0.00815112
-0.00793208
-0.00771304
-0.007494
-0.00727495
-0.00705591
-0.00683687
-0.00661783
-0.00639879
-0.00617974
-0.00596202
-0.0057443
-0.00552658
-0.00530886
-0.00509113
-0.00479122
-0.00437316
-0.00395509
-0.00353703
-0.00311896
-0.00270089
-0.00228283
-0.00186476
-0.0014467
-0.00102863
-0.000610564
-0.000192498
0.000225568
0.000643634
0.0010617
0.00147977
0.00189783
0.0023159
0.00273396
0.00315203
0.0035701
0.00398816
0.00440623
0.00482429
0.00524236
0.00566042
0.00607849
0.00649656
0.00691462
0.00733269
0.00775075
0.00816882
0.00858689
0.00900495
0.00942302
0.00984108
0.0102591
0.0106772
0.0110953
0.0115133
0.0119314
0.0123495
0.0127675
0.0131856
0.0136037
0.0140217
0.0144398
0.0148579
0.0152759
0.015694
0.016115
0.0165375
0.0169599
0.0173824
0.0178049
0.0182273
0.0186498
0.0190723
0.0194947
0.0199172
0.0203397
0.0207621
0.0211846
0.0216071
0.0220295
0.022452
0.0228745
0.0232969
0.0237194
0.0241419
0.0245643
0.0249868
0.0254093
0.0258317
0.0262542
0.0266767
0.0270991
0.0275216
0.0273818
0.0272419
0.0271021
0.0269623
0.0268225
0.0266826
0.0265428
0.026403
0.0262631
0.0261233
0.0259835
0.0258437
0.0257038
0.025564
0.0254242
0.0252844
0.0251445
0.0250047
0.0248649
0.0247251
0.0245852
0.0244454
0.0243056
0.0241657
0.0240259
0.0238861
0.0237463
0.0236064
0.0234666
0.0233268
0.023187
0.0230471
0.0229073
0.0227675
0.0225838
0.0223248
0.0220658
0.0218067
0.0215477
0.0212887
0.0210297
0.0207707
0.0205117
0.0202527
0.0199936
0.0197346
0.0194756
0.0192166
0.0189576
0.0186986
0.0184395
0.0181805
0.0179215
0.0176625
0.0174035
0.0171445
0.0168855
0.0166264
0.0163674
0.0161084
0.0158494
0.0155904
0.0153314
0.0150724
0.0148133
0.0145543
0.0142953
0.0140363
0.0137773
0.0135183
0.0132191
0.0127876
0.0123562
0.0119247
0.0114932
0.0110617
0.0106303
0.0101988
0.00976732
0.00933585
0.00890438
0.0084729
0.00804143
0.00760996
0.00717848
0.00674701
0.00631554
0.00588406
0.00545259
0.00502112
0.00458964
0.00415817
0.0037267
0.00329522
0.00286375
0.00243227
0.0020008
0.00156933
0.00113785
0.000706381
0.000274907
-0.000156566
-0.00058804
-0.00101951
-0.00145099
-0.00188246
-0.00231393
-0.00274541
-0.00317688
-0.00360835
-0.00403983
-0.0044713
-0.00490278
-0.00533425
-0.00576572
-0.0061972
-0.00662867
-0.00706014
-0.00749162
-0.00792309
-0.00835457
-0.00878604
-0.00921751
-0.00964899
-0.0100805
-0.0105119
-0.0109434
-0.0113749
-0.0118064
-0.0122378
-0.0126693
-0.0131008
-0.0135323
-0.0139637
-0.0143952
-0.0148267
-0.0152581
-0.0156896
-0.0161151
-0.0165376
-0.01696
-0.0173825
-0.017805
-0.0182274
-0.0186499
-0.0190724
-0.0194949
-0.0199173
-0.0203398
-0.0207623
-0.0211847
-0.0216072
-0.0220297
-0.0224521
-0.0228746
-0.0232971
-0.0237195
-0.024142
-0.0245645
-0.024987
-0.0254094
-0.0258319
-0.0262544
-0.0266768
-0.0270993
-0.0275218
-0.027382
-0.0272421
-0.0271023
-0.0269625
-0.0268226
-0.0266828
-0.026543
-0.0264032
-0.0262633
-0.0261235
-0.0259837
-0.0258438
-0.025704
-0.0255642
-0.0254244
-0.0252845
-0.0251447
-0.0250049
-0.024865
-0.0247252
-0.0245854
-0.0244456
-0.0243057
-0.0241659
-0.0240261
-0.0238862
-0.0237464
-0.0236066
-0.0234668
-0.0233269
-0.0231871
-0.0230473
-0.0229074
-0.0227676
-0.0225775
-0.0223014
-0.0220252
-0.021749
-0.0214729
-0.0211967
-0.0209205
-0.0206444
-0.0203682
-0.020092
-0.0198159
-0.0195397
-0.0192635
-0.0189874
-0.0187112
-0.018435
-0.0181589
-0.0178827
-0.0176065
-0.0173304
-0.0170542
-0.016778
-0.0165019
-0.0162257
-0.0159495
-0.0156734
-0.0153972
-0.0151211
-0.0148449
-0.0145687
-0.0142926
-0.0140164
-0.0137402
-0.0134641
-0.0131879
-0.0129117
-0.0126356
-0.0123594
-0.0120832
-0.0118071
-0.0115309
-0.0112547
-0.0109786
-0.0107024
-0.010423
-0.00998689
-0.00955075
-0.0091146
-0.00867846
-0.00824231
-0.00780616
-0.00737002
-0.00693387
-0.00649773
-0.00606158
-0.00562544
-0.00518929
-0.00475315
-0.004317
-0.00388086
-0.00344471
-0.00300856
-0.00257242
-0.00213627
-0.00170013
-0.00126398
-0.000827838
-0.000391693
4.44524e-05
0.000480598
0.000916743
0.00135289
0.00178903
0.00222518
0.00266132
0.00309747
0.00353361
0.00396976
0.0044059
0.00484205
0.0052782
0.00571434
0.00615049
0.00658663
0.00702278
0.00745892
0.00789507
0.00833121
0.00876736
0.0092035
0.00963965
0.0100758
0.0105119
0.0109481
0.0113842
0.0118204
0.0122565
0.0126927
0.0131288
0.013565
0.0140011
0.0144372
0.0148734
0.0153095
0.0157457
0.0161818
0.016618
0.0170541
0.0174903
0.0179264
0.0183625
0.0187987
0.0192348
0.019671
0.0201071
0.0205433
0.0209794
0.0214156
0.0218517
0.0222878
0.022724
0.0231601
0.0235963
0.0240324
0.0244686
0.0249047
0.0253409
0.025777
0.0262132
0.0266493
0.0270854
0.0275216
0.0273818
0.0272419
0.0271021
0.0269623
0.0268225
0.0266826
0.0265428
0.026403
0.0262631
0.0261233
0.0259835
0.0258437
0.0257038
0.025564
0.0254242
0.0252844
0.0251445
0.0250047
0.0248649
0.0247251
0.0245852
0.0244454
0.0243056
0.0241657
0.0240259
0.0238861
0.0237463
0.0236064
0.0234666
0.0233268
0.023187
0.0230471
0.0229073
0.0227675
0.0225775
0.0223013
0.0220251
0.021749
0.0214728
0.0211966
0.0209205
0.0206443
0.0203682
0.020092
0.0198158
0.0195397
0.0192635
0.0189873
0.0187112
0.018435
0.0181588
0.0178827
0.0176065
0.0173303
0.0170542
0.016778
0.0165018
0.0162257
0.0159495
0.0156734
0.0153972
0.015121
0.0148449
0.0145687
0.0142925
0.0140164
0.0137402
0.013464
0.0131879
0.0129117
0.0126355
0.0123594
0.0120832
0.011807
0.0115309
0.0112547
0.0109785
0.0107024
0.0104231
0.00998697
0.00955082
0.00911468
0.00867853
0.00824238
0.00780623
0.00737009
0.00693394
0.00649779
0.00606164
0.00562549
0.00518935
0.0047532
0.00431705
0.0038809
0.00344475
0.00300861
0.00257246
0.00213631
0.00170016
0.00126401
0.000827866
0.000391718
-4.44302e-05
-0.000480578
-0.000916726
-0.00135287
-0.00178902
-0.00222517
-0.00266132
-0.00309747
-0.00353362
-0.00396976
-0.00440591
-0.00484206
-0.00527821
-0.00571436
-0.0061505
-0.00658665
-0.0070228
-0.00745895
-0.0078951
-0.00833125
-0.00876739
-0.00920354
-0.00963969
-0.0100758
-0.010512
-0.0109481
-0.0113843
-0.0118204
-0.0122566
-0.0126927
-0.0131289
-0.013565
-0.0140012
-0.0144373
-0.0148735
-0.0153096
-0.0157458
-0.0161819
-0.0166181
-0.0170542
-0.0174904
-0.0179265
-0.0183627
-0.0187988
-0.019235
-0.0196711
-0.0201073
-0.0205434
-0.0209795
-0.0214157
-0.0218518
-0.022288
-0.0227241
-0.0231603
-0.0235964
-0.0240326
-0.0244687
-0.0249049
-0.025341
-0.0257772
-0.0262133
-0.0266495
-0.0270856
-0.0275218
-0.027382
-0.0272421
-0.0271023
-0.0269625
-0.0268226
-0.0266828
-0.026543
-0.0264032
-0.0262633
-0.0261235
-0.0259837
-0.0258438
-0.025704
-0.0255642
-0.0254244
-0.0252845
-0.0251447
-0.0250049
-0.024865
-0.0247252
-0.0245854
-0.0244456
-0.0243057
-0.0241659
-0.0240261
-0.0238862
-0.0237464
-0.0236066
-0.0234668
-0.0233269
-0.0231871
-0.0230473
-0.0229074
-0.0227676
-0.0225775
-0.0223014
-0.0220252
-0.021749
-0.0214729
-0.0211967
-0.0209205
-0.0206444
-0.0203682
-0.020092
-0.0198159
-0.0195397
-0.0192635
-0.0189874
-0.0187112
-0.018435
-0.0181589
-0.0178827
-0.0176065
-0.0173304
-0.0170542
-0.016778
-0.0165019
-0.0162257
-0.0159495
-0.0156734
-0.0153972
-0.0151211
-0.0148449
-0.0145687
-0.0142926
-0.0140164
-0.0137402
-0.0134641
-0.0131879
-0.0129117
-0.0126356
-0.0123594
-0.0120832
-0.0118071
-0.0115309
-0.0112547
-0.0109786
-0.0107024
-0.010423
-0.00998689
-0.00955075
-0.0091146
-0.00867846
-0.00824362
-0.00780878
-0.00737395
-0.00693911
-0.00650428
-0.00606944
-0.00563461
-0.00519977
-0.00476493
-0.0043301
-0.00389526
-0.00346043
-0.00302559
-0.00259076
-0.00215592
-0.00172108
-0.00128625
-0.000851414
-0.000416578
1.82575e-05
0.000453093
0.000887929
0.00132276
0.0017576
0.00219244
0.00262727
0.00306211
0.00349694
0.00393178
0.00436661
0.00480145
0.00523628
0.00567112
0.00610595
0.00654079
0.00697563
0.00741046
0.0078453
0.00828013
0.00871497
0.0091498
0.00958464
0.0100195
0.0104543
0.0108891
0.011324
0.0117588
0.0121936
0.0126285
0.0130633
0.0134982
0.013933
0.0143678
0.0148027
0.0152375
0.0156723
0.0161072
0.016542
0.0169768
0.0174117
0.0178465
0.0182813
0.0187162
0.019151
0.0195858
0.0200207
0.0204555
0.0208904
0.0213252
0.02176
0.0221949
0.0226297
0.0230645
0.0234994
0.0239342
0.024369
0.0248039
0.0252387
0.0256735
0.0261084
0.0265432
0.026978
0.0274129
0.0278375
0.0282587
0.0286799
0.0291011
0.0295223
0.0299435
0.0303647
0.0307859
0.0312071
0.0316283
0.0320495
0.0324707
0.0328919
0.033313
0.0337342
0.0341554
0.0345766
0.0349978
0.035419
0.0358402
0.0362614
0.0366826
0.0371038
0.037525
0.0379462
0.0383674
0.0387886
0.0392098
0.0390704
0.038931
0.0387916
0.0386522
0.0385128
0.0383734
0.038234
0.0380946
0.0379552
0.0378157
0.0376763
0.0375369
0.0373975
0.0372581
0.0371187
0.0369793
0.0368399
0.0367005
0.0365611
0.0364217
0.0362823
0.0361429
0.0360035
0.0358641
0.0357247
0.0355852
0.0354458
0.0353064
0.035167
0.0350276
0.0348882
0.0347488
0.0346094
0.03447
0.0343306
0.0341912
0.0340518
0.0339124
0.0337176
0.0334195
0.0331215
0.0328235
0.0325254
0.0322274
0.0319294
0.0316313
0.0313333
0.0310353
0.0307372
0.0304392
0.0301412
0.0298431
0.0295451
0.0292471
0.028949
0.028651
0.028353
0.0280549
0.0277569
0.0274589
0.0271608
0.0268628
0.0265648
0.0262667
0.0259687
0.0256707
0.0253726
0.0250746
0.0247766
0.0244785
0.0241805
0.0238825
0.0235844
0.0232864
0.0229884
0.0226903
0.0223923
0.0220943
0.0217962
0.0214982
0.0212002
0.0209021
0.0206041
0.0203061
0.020008
0.01971
0.019412
0.0191139
0.0188159
0.0183886
0.0179482
0.0175078
0.0170674
0.0166271
0.0161867
0.0157463
0.0153059
0.0148655
0.0144251
0.0139847
0.0135443
0.013104
0.0126636
0.0122232
0.0117828
0.0113424
0.010902
0.0104616
0.0100213
0.00958086
0.00914048
0.00870009
0.0082597
0.00781932
0.00737893
0.00693854
0.00649815
0.00605777
0.00561738
0.00517699
0.00473661
0.00429622
0.00385583
0.00341544
0.00297506
0.00253467
0.00209428
0.0016539
0.00121351
0.000773121
0.000332733
-0.000107654
-0.000548041
-0.000988428
-0.00142882
-0.0018692
-0.00230959
-0.00274998
-0.00319036
-0.00363075
-0.00407114
-0.00451153
-0.00495191
-0.0053923
-0.00583269
-0.00627308
-0.00671346
-0.00715385
-0.00759424
-0.00803463
-0.00847501
-0.0089154
-0.00935579
-0.00979618
-0.0102366
-0.010677
-0.0111173
-0.0115577
-0.0119981
-0.0124385
-0.0128789
-0.0133193
-0.0137597
-0.0142001
-0.0146404
-0.0150808
-0.0155212
-0.0159616
-0.016402
-0.0168424
-0.0172828
-0.0177232
-0.0181635
-0.0186039
-0.0190443
-0.0194847
-0.0199251
-0.0203655
-0.0208059
-0.0212463
-0.0216866
-0.022127
-0.0225674
-0.0230078
-0.0234482
-0.0238886
-0.024329
-0.0247694
-0.0252097
-0.0256501
-0.0260905
-0.0265309
-0.0269713
-0.0274117
-0.0278377
-0.0282589
-0.0286801
-0.0291013
-0.0295225
-0.0299437
-0.0303649
-0.0307861
-0.0312073
-0.0316285
-0.0320497
-0.0324709
-0.0328921
-0.0333133
-0.0337345
-0.0341557
-0.0345769
-0.0349981
-0.0354193
-0.0358405
-0.0362617
-0.0366829
-0.0371041
-0.0375253
-0.0379465
-0.0383677
-0.0387889
-0.0392101
-0.0390707
-0.0389313
-0.0387919
-0.0386525
-0.0385131
-0.0383737
-0.0382343
-0.0380948
-0.0379554
-0.037816
-0.0376766
-0.0375372
-0.0373978
-0.0372584
-0.037119
-0.0369796
-0.0368402
-0.0367008
-0.0365614
-0.0364219
-0.0362825
-0.0361431
-0.0360037
-0.0358643
-0.0357249
-0.0355855
-0.0354461
-0.0353067
-0.0351673
-0.0350279
-0.0348884
-0.034749
-0.0346096
-0.0344702
-0.0343308
-0.0341914
-0.034052
-0.0339126
-0.0337151
-0.0334097
-0.0331043
-0.0327989
-0.0324935
-0.032188
-0.0318826
-0.0315772
-0.0312718
-0.0309664
-0.030661
-0.0303556
-0.0300502
-0.0297448
-0.0294394
-0.0291339
-0.0288285
-0.0285231
-0.0282177
-0.0279123
-0.0276069
-0.0273015
-0.0269961
-0.0266907
-0.0263853
-0.0260798
-0.0257744
-0.025469
-0.0251636
-0.0248582
-0.0245528
-0.0242474
-0.023942
-0.0236366
-0.0233311
-0.0230257
-0.0227203
-0.0224149
-0.0221095
-0.0218041
-0.0214987
-0.0211933
-0.0208879
-0.0205825
-0.0202771
-0.0199716
-0.0196662
-0.0193608
-0.0190554
-0.01875
-0.0184446
-0.0181392
-0.0178338
-0.0175284
-0.017223
-0.0169175
-0.0166121
-0.0163067
-0.0160013
-0.0156043
-0.0151622
-0.0147202
-0.0142781
-0.0138361
-0.013394
-0.012952
-0.0125099
-0.0120679
-0.0116258
-0.0111838
-0.0107417
-0.0102997
-0.00985761
-0.00941556
-0.00897351
-0.00853146
-0.00808941
-0.00764736
-0.00720532
-0.00676327
-0.00632122
-0.00587917
-0.00543712
-0.00499507
-0.00455302
-0.00411097
-0.00366892
-0.00322687
-0.00278482
-0.00234277
-0.00190073
-0.00145868
-0.00101663
-0.000574578
-0.000132529
0.00030952
0.000751569
0.00119362
0.00163567
0.00207772
0.00251977
0.00296181
0.00340386
0.00384591
0.00428796
0.00473001
0.00517206
0.00561411
0.00605616
0.00649821
0.00694026
0.0073823
0.00782435
0.0082664
0.00870845
0.0091505
0.00959255
0.0100346
0.0104766
0.0109187
0.0113607
0.0118028
0.0122448
0.0126869
0.0131289
0.013571
0.014013
0.0144551
0.0148971
0.0153392
0.0157812
0.0162233
0.0166653
0.0171074
0.0175494
0.0179915
0.0184335
0.0188756
0.0193176
0.0197597
0.0202017
0.0206438
0.0210858
0.0215279
0.0219699
0.022412
0.022854
0.0232961
0.0237381
0.0241802
0.0246222
0.0250643
0.0255063
0.0259484
0.0263904
0.0268325
0.0272745
0.0277165
0.0281586
0.0286006
0.0290427
0.0294847
0.0299268
0.0303688
0.0308109
0.0312529
0.031695
0.032137
0.0325791
0.0330211
0.0334632
0.0339052
0.0343473
0.0347893
0.0352314
0.0356734
0.0361155
0.0365575
0.0369996
0.0374416
0.0378837
0.0383257
0.0387678
0.0392098
0.0390704
0.038931
0.0387916
0.0386522
0.0385128
0.0383734
0.038234
0.0380946
0.0379552
0.0378157
0.0376763
0.0375369
0.0373975
0.0372581
0.0371187
0.0369793
0.0368399
0.0367005
0.0365611
0.0364217
0.0362823
0.0361429
0.0360035
0.0358641
0.0357247
0.0355852
0.0354458
0.0353064
0.035167
0.0350276
0.0348882
0.0347488
0.0346094
0.03447
0.0343306
0.0341912
0.0340518
0.0339124
0.033715
0.0334096
0.0331042
0.0327988
0.0324934
0.032188
0.0318826
0.0315771
0.0312717
0.0309663
0.0306609
0.0303555
0.0300501
0.0297447
0.0294393
0.0291339
0.0288285
0.0285231
0.0282177
0.0279123
0.0276068
0.0273014
0.026996
0.0266906
0.0263852
0.0260798
0.0257744
0.025469
0.0251636
0.0248582
0.0245528
0.0242474
0.0239419
0.0236365
0.0233311
0.0230257
0.0227203
0.0224149
0.0221095
0.0218041
0.0214987
0.0211933
0.0208879
0.0205824
0.020277
0.0199716
0.0196662
0.0193608
0.0190554
0.01875
0.0184446
0.0181392
0.0178338
0.0175284
0.017223
0.0169175
0.0166121
0.0163067
0.0160013
0.0156044
0.0151623
0.0147203
0.0142782
0.0138362
0.0133941
0.0129521
0.01251
0.012068
0.0116259
0.0111839
0.0107418
0.0102998
0.00985771
0.00941566
0.00897361
0.00853156
0.00808951
0.00764745
0.0072054
0.00676335
0.0063213
0.00587924
0.00543719
0.00499514
0.00455309
0.00411104
0.00366898
0.00322693
0.00278488
0.00234283
0.00190077
0.00145872
0.00101667
0.000574617
0.000132565
-0.000309487
-0.00075154
-0.00119359
-0.00163564
-0.0020777
-0.00251975
-0.0029618
-0.00340385
-0.00384591
-0.00428796
-0.00473001
-0.00517206
-0.00561412
-0.00605617
-0.00649822
-0.00694027
-0.00738233
-0.00782438
-0.00826643
-0.00870848
-0.00915053
-0.00959259
-0.0100346
-0.0104767
-0.0109187
-0.0113608
-0.0118028
-0.0122449
-0.012687
-0.013129
-0.0135711
-0.0140131
-0.0144552
-0.0148972
-0.0153393
-0.0157813
-0.0162234
-0.0166654
-0.0171075
-0.0175495
-0.0179916
-0.0184336
-0.0188757
-0.0193177
-0.0197598
-0.0202018
-0.0206439
-0.021086
-0.021528
-0.0219701
-0.0224121
-0.0228542
-0.0232962
-0.0237383
-0.0241803
-0.0246224
-0.0250644
-0.0255065
-0.0259485
-0.0263906
-0.0268326
-0.0272747
-0.0277167
-0.0281588
-0.0286009
-0.0290429
-0.029485
-0.029927
-0.0303691
-0.0308111
-0.0312532
-0.0316952
-0.0321373
-0.0325793
-0.0330214
-0.0334634
-0.0339055
-0.0343475
-0.0347896
-0.0352316
-0.0356737
-0.0361158
-0.0365578
-0.0369999
-0.0374419
-0.037884
-0.038326
-0.0387681
-0.0392101
-0.0390707
-0.0389313
-0.0387919
-0.0386525
-0.0385131
-0.0383737
-0.0382343
-0.0380948
-0.0379554
-0.037816
-0.0376766
-0.0375372
-0.0373978
-0.0372584
-0.037119
-0.0369796
-0.0368402
-0.0367008
-0.0365614
-0.0364219
-0.0362825
-0.0361431
-0.0360037
-0.0358643
-0.0357249
-0.0355855
-0.0354461
-0.0353067
-0.0351673
-0.0350279
-0.0348884
-0.034749
-0.0346096
-0.0344702
-0.0343308
-0.0341914
-0.034052
-0.0339126
-0.0337151
-0.0334097
-0.0331043
-0.0327989
-0.0324935
-0.032188
-0.0318826
-0.0315772
-0.0312718
-0.0309664
-0.030661
-0.0303556
-0.0300502
-0.0297448
-0.0294394
-0.0291339
-0.0288285
-0.0285231
-0.0282177
-0.0279123
-0.0276069
-0.0273015
-0.0269961
-0.0266907
-0.0263853
-0.0260798
-0.0257744
-0.025469
-0.0251636
-0.0248582
-0.0245528
-0.0242474
-0.023942
-0.0236366
-0.0233311
-0.0230257
-0.0227203
-0.0224149
-0.0221095
-0.0218041
-0.0214987
-0.0211933
-0.0208879
-0.0205825
-0.0202771
-0.0199716
-0.0196662
-0.0193608
-0.0190554
-0.01875
-0.0184446
-0.0181392
-0.0178338
-0.0175284
-0.017223
-0.0169175
-0.0166121
-0.0163067
-0.0160013
-0.0156043
-0.0151622
-0.0147202
-0.0142781
-0.0138361
-0.013394
-0.012952
-0.0125099
-0.0120679
-0.0116258
-0.0111838
-0.0107417
-0.0102997
-0.00985761
-0.00941636
-0.0089751
-0.00853385
-0.00809259
-0.00765134
-0.00721009
-0.00676883
-0.00632758
-0.00588632
-0.00544507
-0.00500382
-0.00456256
-0.00412131
-0.00368005
-0.0032388
-0.00279754
-0.00235629
-0.00191504
-0.00147378
-0.00103253
-0.000591274
-0.00015002
0.000291234
0.000732488
0.00117374
0.001615
0.00205625
0.0024975
0.00293876
0.00338001
0.00382127
0.00426252
0.00470377
0.00514503
0.00558628
0.00602754
0.00646879
0.00691004
0.0073513
0.00779255
0.0082338
0.00867506
0.00911631
0.00955757
0.00999882
0.0104401
0.0108813
0.0113226
0.0117638
0.0122051
0.0126463
0.0130876
0.0135289
0.0139701
0.0144114
0.0148526
0.0152939
0.0157351
0.0161764
0.0166176
0.0170589
0.0175001
0.0179414
0.0183826
0.0188239
0.0192651
0.0197064
0.0201477
0.0205889
0.0210302
0.0214714
0.0219127
0.0223539
0.0227952
0.0232364
0.0236777
0.0241189
0.0245602
0.0250014
0.0254427
0.025884
0.0263252
0.0267665
0.0272077
0.027649
0.0280902
0.0285315
0.0289727
0.029414
0.0298552
0.0302965
0.0307377
0.031179
0.0316202
0.0320615
0.0325028
0.032944
0.0333853
0.0338265
0.0342678
0.034709
0.0351503
0.0355915
0.0360328
0.036474
0.0369153
0.0373565
0.0377978
0.0382391
0.0386803
0.0391216
0.0395462
0.0399666
0.040387
0.0408075
0.0412279
0.0416484
0.0420688
0.0424892
0.0429097
0.0433301
0.0437506
0.044171
0.0445914
0.0450119
0.0454323
0.0458527
0.0462732
0.0466936
0.0471141
0.0475345
0.0479549
0.0483754
0.0487958
0.0492163
0.0496367
0.050052
0.0504495
0.050847
0.0507078
0.0505687
0.0504295
0.0502904
0.0501512
0.0500121
0.0498729
0.0497337
0.0495946
0.0494554
0.0493163
0.0491771
0.049038
0.0488988
0.0487597
0.0486205
0.0484814
0.0483422
0.048203
0.0480639
0.0479247
0.0477856
0.0476464
0.0475073
0.0473681
0.047229
0.0470898
0.0469506
0.0468115
0.0466723
0.0465332
0.046394
0.0462549
0.0461157
0.0459766
0.0458374
0.0456982
0.0455591
0.0454199
0.0452808
0.0451416
0.0450025
0.0447956
0.0444759
0.0441562
0.0438365
0.0435168
0.043197
0.0428773
0.0425576
0.0422379
0.0419182
0.0415985
0.0412788
0.0409591
0.0406393
0.0403196
0.0399999
0.0396802
0.0393605
0.0390408
0.0387211
0.0384013
0.0380816
0.0377619
0.0374422
0.0371225
0.0368028
0.0364831
0.0361633
0.0358436
0.0355239
0.0352042
0.0348845
0.0345648
0.0342451
0.0339253
0.0336056
0.0332859
0.0329662
0.0326465
0.0323268
0.0320071
0.0316873
0.0313676
0.0310479
0.0307282
0.0304085
0.0300888
0.0297691
0.0294493
0.0291296
0.0288099
0.0284902
0.0281705
0.0278508
0.0275311
0.0272113
0.0268916
0.0265719
0.0262522
0.0259325
0.0256128
0.0252931
0.0249733
0.0246536
0.0243339
0.0239336
0.0234892
0.0230447
0.0226003
0.0221559
0.0217114
0.021267
0.0208226
0.0203782
0.0199337
0.0194893
0.0190449
0.0186004
0.018156
0.0177116
0.0172671
0.0168227
0.0163783
0.0159339
0.0154894
0.015045
0.0146006
0.0141561
0.0137117
0.0132673
0.0128229
0.0123784
0.011934
0.0114896
0.0110451
0.0106007
0.0101563
0.00971184
0.00926741
0.00882298
0.00837855
0.00793413
0.0074897
0.00704527
0.00660084
0.00615641
0.00571198
0.00526755
0.00482312
0.00437869
0.00393426
0.00348983
0.0030454
0.00260097
0.00215654
0.00171211
0.00126768
0.000823251
0.000378822
-6.56079e-05
-0.000510038
-0.000954467
-0.0013989
-0.00184333
-0.00228776
-0.00273219
-0.00317662
-0.00362105
-0.00406548
-0.00450991
-0.00495433
-0.00539876
-0.00584319
-0.00628762
-0.00673205
-0.00717648
-0.00762091
-0.00806534
-0.00850977
-0.0089542
-0.00939863
-0.00984306
-0.0102875
-0.0107319
-0.0111764
-0.0116208
-0.0120652
-0.0125096
-0.0129541
-0.0133985
-0.0138429
-0.0142874
-0.0147318
-0.0151762
-0.0156207
-0.0160651
-0.0165095
-0.0169539
-0.0173984
-0.0178428
-0.0182872
-0.0187317
-0.0191761
-0.0196205
-0.020065
-0.0205094
-0.0209538
-0.0213982
-0.0218427
-0.0222871
-0.0227315
-0.023176
-0.0236204
-0.0240648
-0.0245093
-0.0249537
-0.0253981
-0.0258425
-0.026287
-0.0267314
-0.0271758
-0.0276203
-0.0280647
-0.0285091
-0.0289536
-0.029398
-0.0298424
-0.0302868
-0.0307313
-0.0311757
-0.0316201
-0.0320646
-0.032509
-0.0329534
-0.0333979
-0.0338423
-0.0342867
-0.0347311
-0.0351756
-0.03562
-0.0360644
-0.0365089
-0.0369533
-0.0373977
-0.0378422
-0.0382866
-0.038731
-0.0391754
-0.0395978
-0.0400182
-0.0404387
-0.0408591
-0.0412795
-0.0417
-0.0421204
-0.0425409
-0.0429613
-0.0433818
-0.0438022
-0.0442227
-0.0446431
-0.0450636
-0.045484
-0.0459044
-0.0463249
-0.0467453
-0.0471658
-0.0475862
-0.0480067
-0.0484271
-0.0488476
-0.0492577
-0.0496548
-0.0500519
-0.050449
-0.0508461
-0.050707
-0.0505678
-0.0504286
-0.0502895
-0.0501503
-0.0500112
-0.049872
-0.0497328
-0.0495937
-0.0494545
-0.0493154
-0.0491762
-0.0490371
-0.0488979
-0.0487587
-0.0486196
-0.0484804
-0.0483413
-0.0482021
-0.0480629
-0.0479238
-0.0477846
-0.0476455
-0.0475063
-0.0473672
-0.047228
-0.0470888
-0.0469497
-0.0468105
-0.0466714
-0.0465322
-0.0463931
-0.0462539
-0.0461147
-0.0459756
-0.0458364
-0.0456973
-0.0455581
-0.0454189
-0.0452798
-0.0451406
-0.0450015
-0.0447931
-0.04447
-0.0441469
-0.0438238
-0.0435006
-0.0431775
-0.0428544
-0.0425313
-0.0422082
-0.0418851
-0.0415619
-0.0412388
-0.0409157
-0.0405926
-0.0402695
-0.0399463
-0.0396232
-0.0393001
-0.038977
-0.0386539
-0.0383308
-0.0380076
-0.0376845
-0.0373614
-0.0370383
-0.0367152
-0.0363921
-0.0360689
-0.0357458
-0.0354227
-0.0350996
-0.0347765
-0.0344534
-0.0341302
-0.0338071
-0.033484
-0.0331609
-0.0328378
-0.0325147
-0.0321915
-0.0318684
-0.0315453
-0.0312222
-0.0308991
-0.030576
-0.0302528
-0.0299297
-0.0296066
-0.0292835
-0.0289604
-0.0286373
-0.0283141
-0.027991
-0.0276679
-0.0273448
-0.0270217
-0.0266986
-0.0263754
-0.0260523
-0.0257292
-0.0254061
-0.025083
-0.0247599
-0.0244367
-0.0241136
-0.0237905
-0.0234674
-0.0231443
-0.0228212
-0.022498
-0.0221749
-0.0218518
-0.0215287
-0.0211529
-0.0207078
-0.0202627
-0.0198176
-0.0193725
-0.0189274
-0.0184822
-0.0180371
-0.017592
-0.0171469
-0.0167018
-0.0162567
-0.0158115
-0.0153664
-0.0149213
-0.0144762
-0.0140311
-0.0135859
-0.0131408
-0.0126957
-0.0122506
-0.0118055
-0.0113604
-0.0109152
-0.0104701
-0.010025
-0.00957989
-0.00913477
-0.00868966
-0.00824454
-0.00779942
-0.00735431
-0.00690919
-0.00646407
-0.00601895
-0.00557384
-0.00512872
-0.0046836
-0.00423848
-0.00379337
-0.00334825
-0.00290313
-0.00245802
-0.0020129
-0.00156778
-0.00112266
-0.000677548
-0.000232431
0.000212686
0.000657804
0.00110292
0.00154804
0.00199315
0.00243827
0.00288339
0.00332851
0.00377362
0.00421874
0.00466386
0.00510897
0.00555409
0.00599921
0.00644433
0.00688944
0.00733456
0.00777968
0.00822479
0.00866991
0.00911503
0.00956014
0.0100053
0.0104504
0.0108955
0.0113406
0.0117857
0.0122308
0.012676
0.0131211
0.0135662
0.0140113
0.0144564
0.0149015
0.0153467
0.0157918
0.0162369
0.016682
0.0171271
0.0175722
0.0180174
0.0184625
0.0189076
0.0193527
0.0197978
0.0202429
0.0206881
0.0211332
0.0215783
0.0220234
0.0224685
0.0229136
0.0233588
0.0238039
0.024249
0.0246941
0.0251392
0.0255843
0.0260295
0.0264746
0.0269197
0.0273648
0.0278099
0.028255
0.0287002
0.0291453
0.0295904
0.0300355
0.0304806
0.0309257
0.0313709
0.031816
0.0322611
0.0327062
0.0331513
0.0335964
0.0340416
0.0344867
0.0349318
0.0353769
0.035822
0.0362671
0.0367123
0.0371574
0.0376025
0.0380476
0.0384927
0.0389378
0.039383
0.0398281
0.0402732
0.0407183
0.0411634
0.0416085
0.0420537
0.0424988
0.0429439
0.043389
0.0438341
0.0442792
0.0447244
0.0451695
0.0456146
0.0460597
0.0465048
0.0469446
0.0473781
0.0478116
0.048245
0.0486785
0.049112
0.0495454
0.0499789
0.0504124
0.0508458
0.0507067
0.0505675
0.0504284
0.0502892
0.0501501
0.0500109
0.0498717
0.0497326
0.0495934
0.0494543
0.0493151
0.049176
0.0490368
0.0488977
0.0487585
0.0486194
0.0484802
0.048341
0.0482019
0.0480627
0.0479236
0.0477844
0.0476453
0.0475061
0.047367
0.0472278
0.0470887
0.0469495
0.0468103
0.0466712
0.046532
0.0463929
0.0462537
0.0461146
0.0459754
0.0458363
0.0456971
0.045558
0.0454188
0.0452796
0.0451405
0.0450013
0.0447932
0.0444701
0.044147
0.0438239
0.0435007
0.0431776
0.0428545
0.0425314
0.0422083
0.0418852
0.041562
0.0412389
0.0409158
0.0405927
0.0402696
0.0399465
0.0396234
0.0393002
0.0389771
0.038654
0.0383309
0.0380078
0.0376847
0.0373615
0.0370384
0.0367153
0.0363922
0.0360691
0.035746
0.0354229
0.0350997
0.0347766
0.0344535
0.0341304
0.0338073
0.0334842
0.033161
0.0328379
0.0325148
0.0321917
0.0318686
0.0315455
0.0312223
0.0308992
0.0305761
0.030253
0.0299299
0.0296068
0.0292837
0.0289605
0.0286374
0.0283143
0.0279912
0.0276681
0.027345
0.0270218
0.0266987
0.0263756
0.0260525
0.0257294
0.0254063
0.0250831
0.02476
0.0244369
0.0241138
0.0237907
0.0234676
0.0231444
0.0228213
0.0224982
0.0221751
0.021852
0.0215289
0.0211532
0.020708
0.0202629
0.0198178
0.0193727
0.0189276
0.0184824
0.0180373
0.0175922
0.0171471
0.0167019
0.0162568
0.0158117
0.0153666
0.0149214
0.0144763
0.0140312
0.0135861
0.013141
0.0126958
0.0122507
0.0118056
0.0113605
0.0109153
0.0104702
0.0100251
0.00957996
0.00913484
0.00868972
0.00824459
0.00779947
0.00735434
0.00690922
0.0064641
0.00601897
0.00557385
0.00512873
0.0046836
0.00423848
0.00379336
0.00334823
0.00290311
0.00245798
0.00201286
0.00156774
0.00112261
0.00067749
0.000232366
-0.000212758
-0.000657881
-0.00110301
-0.00154813
-0.00199325
-0.00243838
-0.0028835
-0.00332862
-0.00377375
-0.00421887
-0.004664
-0.00510912
-0.00555424
-0.00599937
-0.00644449
-0.00688961
-0.00733474
-0.00777986
-0.00822499
-0.00867011
-0.00911523
-0.00956036
-0.0100055
-0.0104506
-0.0108957
-0.0113409
-0.011786
-0.0122311
-0.0126762
-0.0131213
-0.0135665
-0.0140116
-0.0144567
-0.0149018
-0.015347
-0.0157921
-0.0162372
-0.0166823
-0.0171275
-0.0175726
-0.0180177
-0.0184628
-0.018908
-0.0193531
-0.0197982
-0.0202433
-0.0206885
-0.0211336
-0.0215787
-0.0220238
-0.022469
-0.0229141
-0.0233592
-0.0238043
-0.0242494
-0.0246946
-0.0251397
-0.0255848
-0.0260299
-0.0264751
-0.0269202
-0.0273653
-0.0278104
-0.0282556
-0.0287007
-0.0291458
-0.0295909
-0.0300361
-0.0304812
-0.0309263
-0.0313714
-0.0318166
-0.0322617
-0.0327068
-0.0331519
-0.0335971
-0.0340422
-0.0344873
-0.0349324
-0.0353776
-0.0358227
-0.0362678
-0.0367129
-0.037158
-0.0376032
-0.0380483
-0.0384934
-0.0389385
-0.0393837
-0.0398288
-0.0402739
-0.040719
-0.0411642
-0.0416093
-0.0420544
-0.0424995
-0.0429447
-0.0433898
-0.0438349
-0.04428
-0.0447252
-0.0451703
-0.0456154
-0.0460605
-0.0465057
-0.0469456
-0.0473788
-0.0478121
-0.0482453
-0.0486786
-0.0491119
-0.0495451
-0.0499784
-0.0504117
-0.0508449
-0.0507058
-0.0505666
-0.0504274
-0.0502883
-0.0501491
-0.05001
-0.0498708
-0.0497317
-0.0495925
-0.0494533
-0.0493142
-0.049175
-0.0490359
-0.0488967
-0.0487576
-0.0486184
-0.0484792
-0.0483401
-0.0482009
-0.0480618
-0.0479226
-0.0477835
-0.0476443
-0.0475051
-0.047366
-0.0472268
-0.0470877
-0.0469485
-0.0468093
-0.0466702
-0.046531
-0.0463919
-0.0462527
-0.0461136
-0.0459744
-0.0458352
-0.0456961
-0.0455569
-0.0454178
-0.0452786
-0.0451395
-0.0450003
-0.0447919
-0.0444688
-0.0441457
-0.0438226
-0.0434995
-0.0431764
-0.0428532
-0.0425301
-0.042207
-0.0418839
-0.0415608
-0.0412377
-0.0409146
-0.0405914
-0.0402683
-0.0399452
-0.0396221
-0.039299
-0.0389759
-0.0386527
-0.0383296
-0.0380065
-0.0376834
-0.0373603
-0.0370372
-0.0367141
-0.0363909
-0.0360678
-0.0357447
-0.0354216
-0.0350985
-0.0347754
-0.0344522
-0.0341291
-0.033806
-0.0334829
-0.0331598
-0.0328367
-0.0325136
-0.0321904
-0.0318673
-0.0315442
-0.0312211
-0.030898
-0.0305749
-0.0302517
-0.0299286
-0.0296055
-0.0292824
-0.0289593
-0.0286362
-0.0283131
-0.0279899
-0.0276668
-0.0273437
-0.0270206
-0.0266975
-0.0263744
-0.0260513
-0.0257281
-0.025405
-0.0250819
-0.0247588
-0.0244357
-0.0241126
-0.0237895
-0.0234663
-0.0231432
-0.0228201
-0.022497
-0.0221739
-0.0218508
-0.0215276
-0.0211518
-0.0207067
-0.0202616
-0.0198165
-0.0193714
-0.0189263
-0.0184811
-0.018036
-0.0175909
-0.0171458
-0.0167007
-0.0162556
-0.0158104
-0.0153653
-0.0149202
-0.0144751
-0.01403
-0.0135849
-0.0131397
-0.0126946
-0.0122495
-0.0118044
-0.0113593
-0.0109141
-0.0104696
-0.010025
-0.0095804
-0.00913581
-0.00869123
-0.00824665
-0.00780206
-0.00735748
-0.0069129
-0.00646831
-0.00602373
-0.00557914
-0.00513456
-0.00468998
-0.00424539
-0.00380081
-0.00335623
-0.00291164
-0.00246706
-0.00202248
-0.00157789
-0.00113331
-0.000688724
-0.00024414
0.000200443
0.000645027
0.00108961
0.00153419
0.00197878
0.00242336
0.00286794
0.00331253
0.00375711
0.0042017
0.00464628
0.00509086
0.00553545
0.00598003
0.00642461
0.0068692
0.00731378
0.00775836
0.00820295
0.00864753
0.00909211
0.0095367
0.00998128
0.0104259
0.0108704
0.011315
0.0117596
0.0122042
0.0126488
0.0130934
0.0135379
0.0139825
0.0144271
0.0148717
0.0153163
0.0157609
0.0162054
0.01665
0.0170946
0.0175392
0.0179838
0.0184284
0.0188729
0.0193175
0.0197621
0.0202067
0.0206513
0.0210959
0.0215404
0.021985
0.0224296
0.0228742
0.0233188
0.0237634
0.0242079
0.0246525
0.0250971
0.0255417
0.0259863
0.0264309
0.0268754
0.02732
0.0277646
0.0282092
0.0286538
0.0290984
0.0295429
0.0299875
0.0304321
0.0308767
0.0313213
0.0317659
0.0322104
0.032655
0.0330996
0.0335442
0.0339888
0.0344334
0.0348779
0.0353225
0.0357671
0.0362117
0.0366563
0.0371009
0.0375454
0.03799
0.0384346
0.0388792
0.0393238
0.0397684
0.0402129
0.0406575
0.0411021
0.0415467
0.0419913
0.0424359
0.0428804
0.043325
0.0437696
0.0442142
0.0446588
0.0451034
0.0455479
0.0459925
0.0464371
0.0468759
0.0473089
0.0477419
0.0481748
0.0486077
0.0490407
0.0494736
0.0499066
0.0503395
0.0507725
0.0511753
0.0513501
0.0515355
0.0517209
0.0519063
0.0520917
0.0522771
0.0524625
0.0526479
0.0528333
0.0530187
0.0532041
0.0533895
0.0535749
0.0537603
0.0539457
0.0541311
0.0543165
0.0545019
0.0546874
0.0548728
0.0550582
0.0552436
0.055429
0.0556144
0.0557998
0.0559852
0.0561706
0.0560316
0.0558926
0.0557537
0.0556147
0.0554757
0.0553368
0.0551978
0.0550588
0.0549198
0.0547809
0.0546419
0.0545029
0.054364
0.054225
0.054086
0.0539471
0.0538081
0.0536691
0.0535301
0.0533912
0.0532522
0.0531132
0.0529743
0.0528353
0.0526963
0.0525573
0.0524184
0.0522794
0.0521404
0.0520015
0.0518625
0.0517235
0.0515846
0.0514456
0.0513066
0.0511676
0.0510287
0.0508897
0.0507507
0.0506118
0.0504728
0.0503338
0.0501948
0.0500559
0.0498168
0.049489
0.0491611
0.0488332
0.0485054
0.0481775
0.0478496
0.0475218
0.0471939
0.0468661
0.0465382
0.0462103
0.0458825
0.0455546
0.0452267
0.0448989
0.044571
0.0442431
0.0439153
0.0435874
0.0432595
0.0429317
0.0426038
0.042276
0.0419481
0.0416202
0.0412924
0.0409645
0.0406366
0.0403088
0.0399809
0.039653
0.0393252
0.0389973
0.0386695
0.0383416
0.0380137
0.0376859
0.037358
0.0370301
0.0367023
0.0363744
0.0360465
0.0357187
0.0353908
0.0350629
0.0347351
0.0344072
0.0340793
0.0337515
0.0334236
0.0330958
0.0327679
0.03244
0.0321122
0.0317843
0.0314564
0.0311286
0.0308007
0.0304728
0.030145
0.0298171
0.0294892
0.0291614
0.0288335
0.0285056
0.0281778
0.0278499
0.0275221
0.0271942
0.0268663
0.0265385
0.0262106
0.0258827
0.0255549
0.025227
0.0248083
0.0243627
0.0239171
0.0234714
0.0230258
0.0225802
0.0221346
0.021689
0.0212433
0.0207977
0.0203521
0.0199065
0.0194609
0.0190153
0.0185696
0.018124
0.0176784
0.0172328
0.0167872
0.0163416
0.0158959
0.0154503
0.0150047
0.0145591
0.0141135
0.0136679
0.0132222
0.0127766
0.012331
0.0118854
0.0114398
0.0109942
0.0105485
0.0101029
0.00965731
0.00921169
0.00876607
0.00832046
0.00787484
0.00742922
0.00698361
0.00653799
0.00609237
0.00564675
0.00520114
0.00475552
0.0043099
0.00386429
0.00341867
0.00297305
0.00252743
0.00208182
0.0016362
0.00119058
0.000744965
0.000299348
-0.000146269
-0.000591886
-0.0010375
-0.00148312
-0.00192874
-0.00237436
-0.00281997
-0.00326559
-0.00371121
-0.00415682
-0.00460244
-0.00504806
-0.00549368
-0.00593929
-0.00638491
-0.00683053
-0.00727615
-0.00772176
-0.00816738
-0.008613
-0.00905861
-0.00950423
-0.00994985
-0.0103955
-0.0108411
-0.0112867
-0.0117323
-0.0121779
-0.0126236
-0.0130692
-0.0135148
-0.0139604
-0.014406
-0.0148516
-0.0152973
-0.0157429
-0.0161885
-0.0166341
-0.0170797
-0.0175253
-0.017971
-0.0184166
-0.0188622
-0.0193078
-0.0197534
-0.020199
-0.0206447
-0.0210903
-0.0215359
-0.0219815
-0.0224271
-0.0228728
-0.0233184
-0.023764
-0.0242096
-0.0246552
-0.0251008
-0.0255465
-0.0259921
-0.0264377
-0.0268833
-0.0273289
-0.0277745
-0.0282202
-0.0286658
-0.0291114
-0.029557
-0.0300026
-0.0304483
-0.0308939
-0.0313395
-0.0317851
-0.0322307
-0.0326669
-0.0331012
-0.0335355
-0.0339699
-0.0344042
-0.0348385
-0.0352728
-0.0357071
-0.0361414
-0.0365758
-0.0370101
-0.0374444
-0.0378787
-0.0382545
-0.0385393
-0.0388243
-0.0391092
-0.0393941
-0.039679
-0.0399639
-0.0402488
-0.0405337
-0.0408187
-0.0411036
-0.0413885
-0.0416734
-0.0419583
-0.0422432
-0.0425281
-0.0428131
-0.043098
-0.0433829
-0.0436678
-0.0439527
-0.0442376
-0.0445225
-0.0448074
-0.0450924
-0.0453773
-0.0456622
-0.0459471
-0.046232
-0.0465169
-0.0468018
-0.0470867
-0.0473717
-0.0476566
-0.0479415
-0.0482264
-0.0485113
-0.0487962
-0.0490811
-0.049366
-0.049651
-0.0499359
-0.0502208
-0.0505057
-0.0507906
-0.0509949
-0.0511798
-0.0513647
-0.0515495
-0.0517344
-0.0519192
-0.0521041
-0.0522889
-0.0524738
-0.0526586
-0.0528435
-0.0530283
-0.0532132
-0.053398
-0.0535829
-0.0537677
-0.0539526
-0.0541374
-0.0543223
-0.0545071
-0.054692
-0.0548769
-0.0550617
-0.0552466
-0.0554314
-0.0556163
-0.0558011
-0.0556622
-0.0555232
-0.0553843
-0.0552454
-0.0551064
-0.0549675
-0.0548285
-0.0546896
-0.0545507
-0.0544117
-0.0542728
-0.0541338
-0.0539949
-0.053856
-0.053717
-0.0535781
-0.0534391
-0.0533002
-0.0531613
-0.0530223
-0.0528834
-0.0527444
-0.0526055
-0.0524666
-0.0523276
-0.0521887
-0.0520497
-0.0519108
-0.0517719
-0.0516329
-0.051494
-0.051355
-0.0512161
-0.0510772
-0.0509382
-0.0507993
-0.0506603
-0.0505214
-0.0503825
-0.0502435
-0.0501046
-0.0499656
-0.0498267
-0.0496878
-0.0494267
-0.0490981
-0.0487696
-0.0484411
-0.0481126
-0.047784
-0.0474555
-0.047127
-0.0467985
-0.0464699
-0.0461414
-0.0458129
-0.0454843
-0.0451558
-0.0448273
-0.0444988
-0.0441702
-0.0438417
-0.0435132
-0.0431846
-0.0428561
-0.0425276
-0.0421991
-0.0418705
-0.041542
-0.0412135
-0.0408849
-0.0405564
-0.0402279
-0.0398994
-0.0395708
-0.0392423
-0.0389138
-0.0385853
-0.0382567
-0.0379282
-0.0375997
-0.0372711
-0.0369426
-0.0366141
-0.0362856
-0.035957
-0.0356285
-0.0353
-0.0349715
-0.0346429
-0.0343144
-0.0339859
-0.0336573
-0.0333288
-0.0330003
-0.0326718
-0.0323432
-0.0320147
-0.0316862
-0.0313577
-0.0310291
-0.0307006
-0.0303721
-0.0300435
-0.029715
-0.0293865
-0.029058
-0.0287294
-0.0284009
-0.0280724
-0.0277439
-0.0274153
-0.0270868
-0.0267583
-0.0264298
-0.0261012
-0.0257727
-0.0254442
-0.0251156
-0.0247871
-0.0244586
-0.0241301
-0.0238015
-0.0234376
-0.0229918
-0.0225461
-0.0221004
-0.0216546
-0.0212089
-0.0207631
-0.0203174
-0.0198717
-0.0194259
-0.0189802
-0.0185344
-0.0180887
-0.017643
-0.0171972
-0.0167515
-0.0163057
-0.01586
-0.0154143
-0.0149685
-0.0145228
-0.014077
-0.0136313
-0.0131856
-0.0127398
-0.0122941
-0.0118483
-0.0114026
-0.0109569
-0.0105111
-0.0100654
-0.00961964
-0.0091739
-0.00872816
-0.00828242
-0.00783668
-0.00739094
-0.0069452
-0.00649946
-0.00605372
-0.00560798
-0.00516224
-0.0047165
-0.00427076
-0.00382502
-0.00337929
-0.00293355
-0.00248781
-0.00204207
-0.00159633
-0.00115059
-0.000704849
-0.000259109
0.00018663
0.00063237
0.00107811
0.00152385
0.00196959
0.00241533
0.00286107
0.00330681
0.00375255
0.00419829
0.00464402
0.00508976
0.0055355
0.00598124
0.00642698
0.00687272
0.00731846
0.0077642
0.00820994
0.00865568
0.00910142
0.00954716
0.0099929
0.0104386
0.0108844
0.0113301
0.0117759
0.0122216
0.0126673
0.0131131
0.0135588
0.0140046
0.0144503
0.014896
0.0153418
0.0157875
0.0162332
0.016679
0.0171247
0.0175705
0.0180162
0.0184619
0.0189077
0.0193534
0.0197992
0.0202449
0.0206906
0.0211364
0.0215821
0.0220279
0.0224728
0.0229074
0.023342
0.0237766
0.0242112
0.0246459
0.0250805
0.0255151
0.0259498
0.0263844
0.026819
0.0272537
0.0276883
0.0281229
0.0285042
0.0287894
0.0290746
0.0293599
0.0296451
0.0299303
0.0302156
0.0305008
0.030786
0.0310713
0.0313565
0.0316417
0.031927
0.0322122
0.0324974
0.0327827
0.0330679
0.0333531
0.0336384
0.0339236
0.0342088
0.0344941
0.0347793
0.0350645
0.0353498
0.035635
0.0359203
0.0362055
0.0364907
0.036776
0.0370612
0.0373464
0.0376317
0.0379169
0.0382021
0.0384874
0.0387726
0.0390578
0.0393431
0.0396283
0.0399135
0.0401988
0.040484
0.0407693
0.0410545
0.0413397
0.041625
0.0419102
0.0421954
0.0424807
0.0427659
0.0430511
0.0433364
0.0436216
0.0439069
0.0441921
0.0444773
0.0447626
0.0450478
0.045333
0.0456183
0.0459035
0.0461888
0.046474
0.0467592
0.0470445
0.0473297
0.0476149
0.0479002
0.0481854
0.0484707
0.0487559
0.0490411
0.0493264
0.0496116
0.0498969
0.0501821
0.0504673
0.0507526
0.0510378
0.051323
0.0516083
0.0518935
0.0521788
0.052464
0.0527492
0.0530345
0.0533197
0.053605
0.0538902
0.0541754
0.0544607
0.0547459
0.0550312
0.0548923
0.0547534
0.0546145
0.0544756
0.0543367
0.0541978
0.0540589
0.05392
0.0537811
0.0536422
0.0535033
0.0533644
0.0532255
0.0530866
0.0529477
0.0528088
0.0526699
0.052531
0.0523921
0.0522532
0.0521143
0.0519754
0.0518365
0.0516976
0.0515587
0.0514198
0.0512809
0.051142
0.0510031
0.0508642
0.0507253
0.0505864
0.0504475
0.0503086
0.0501697
0.0500308
0.0498919
0.049753
0.0496141
0.0494752
0.0493363
0.0491974
0.0490585
0.0489196
0.048655
0.0483273
0.0479996
0.0476719
0.0473442
0.0470165
0.0466888
0.046361
0.0460333
0.0457056
0.0453779
0.0450502
0.0447225
0.0443948
0.0440671
0.0437394
0.0434117
0.043084
0.0427563
0.0424286
0.0421009
0.0417732
0.0414455
0.0411178
0.0407901
0.0404624
0.0401347
0.039807
0.0394793
0.0391516
0.0388239
0.0384962
0.0381685
0.0378408
0.0375131
0.0371854
0.0368577
0.03653
0.0362023
0.0358745
0.0355468
0.0352191
0.0348914
0.0345637
0.034236
0.0339083
0.0335806
0.0332529
0.0329252
0.0325975
0.0322698
0.0319421
0.0316144
0.0312867
0.030959
0.0306313
0.0303036
0.0299759
0.0296482
0.0293205
0.0289928
0.0286651
0.0283374
0.0280097
0.027682
0.0273542
0.0270265
0.0266988
0.0263711
0.0260434
0.0257157
0.025388
0.0250603
0.0247326
0.0244049
0.0240772
0.0237495
0.0234218
0.0230941
0.0226501
0.0222045
0.0217589
0.0213133
0.0208677
0.0204221
0.0199765
0.019531
0.0190854
0.0186398
0.0181942
0.0177486
0.017303
0.0168575
0.0164119
0.0159663
0.0155207
0.0150751
0.0146295
0.0141839
0.0137384
0.0132928
0.0128472
0.0124016
0.011956
0.0115104
0.0110648
0.0106193
0.0101737
0.00972809
0.00928251
0.00883692
0.00839134
0.00794575
0.00750017
0.00705458
0.006609
0.00616341
0.00571783
0.00527224
0.00482666
0.00438107
0.00393549
0.0034899
0.00304431
0.00259873
0.00215314
0.00170756
0.00126197
0.000816389
0.000370804
-7.47816e-05
-0.000520367
-0.000965952
-0.00141154
-0.00185712
-0.00230271
-0.00274829
-0.00319388
-0.00363946
-0.00408505
-0.00453063
-0.00497622
-0.0054218
-0.00586739
-0.00631298
-0.00675856
-0.00720415
-0.00764973
-0.00809532
-0.0085409
-0.00898649
-0.00943207
-0.00987766
-0.0103232
-0.0107688
-0.0112144
-0.01166
-0.0121056
-0.0125512
-0.0129968
-0.0134423
-0.0138879
-0.0143335
-0.0147791
-0.0152247
-0.0156703
-0.0161159
-0.0165614
-0.017007
-0.0174526
-0.0178982
-0.0183438
-0.0187894
-0.019235
-0.0196805
-0.0201261
-0.0205635
-0.0209978
-0.0214321
-0.0218664
-0.0223006
-0.0227349
-0.0231692
-0.0236035
-0.0240377
-0.024472
-0.0249063
-0.0253405
-0.0257748
-0.0261922
-0.0264759
-0.0267596
-0.0270433
-0.027327
-0.0276107
-0.0278944
-0.0281781
-0.0284618
-0.0287454
-0.0290291
-0.0293128
-0.0295965
-0.0298802
-0.0301639
-0.0304476
-0.0307313
-0.031015
-0.0312987
-0.0315824
-0.031866
-0.0321497
-0.0324334
-0.0327171
-0.0330008
-0.0332845
-0.0335682
-0.0338519
-0.0341356
-0.0344193
-0.0347029
-0.0349866
-0.0352703
-0.035554
-0.0358377
-0.0361214
-0.0364051
-0.0366888
-0.0369725
-0.0372561
-0.0375398
-0.0378235
-0.0381072
-0.0383909
-0.0386746
-0.0389583
-0.039242
-0.0395256
-0.0398093
-0.040093
-0.0403767
-0.0406604
-0.0409441
-0.0412278
-0.0415115
-0.0417952
-0.0420788
-0.0423625
-0.0426462
-0.0429299
-0.0432136
-0.0434973
-0.043781
-0.0440646
-0.0443483
-0.044632
-0.0449157
-0.0451994
-0.0454831
-0.0457668
-0.0460504
-0.0463341
-0.0466178
-0.0469015
-0.0471852
-0.0474689
-0.0477526
-0.0480362
-0.0483199
-0.0486036
-0.0488873
-0.049171
-0.0494547
-0.0497384
-0.050022
-0.0503057
-0.0505894
-0.0508731
-0.0511568
-0.0514405
-0.0517241
-0.0520078
-0.0522915
-0.0525752
-0.0528589
-0.0531426
-0.0534263
-0.0537099
-0.0539936
-0.0542773
-0.054561
-0.0544221
-0.0542833
-0.0541444
-0.0540055
-0.0538667
-0.0537278
-0.053589
-0.0534501
-0.0533112
-0.0531724
-0.0530335
-0.0528946
-0.0527558
-0.0526169
-0.0524781
-0.0523392
-0.0522003
-0.0520615
-0.0519226
-0.0517837
-0.0516449
-0.051506
-0.0513672
-0.0512283
-0.0510894
-0.0509506
-0.0508117
-0.0506728
-0.050534
-0.0503951
-0.0502563
-0.0501174
-0.0499785
-0.0498397
-0.0497008
-0.0495619
-0.0494231
-0.0492842
-0.0491454
-0.0490065
-0.0488676
-0.0487288
-0.0485899
-0.048451
-0.0481626
-0.0478353
-0.047508
-0.0471807
-0.0468534
-0.046526
-0.0461987
-0.0458714
-0.0455441
-0.0452168
-0.0448895
-0.0445622
-0.0442349
-0.0439076
-0.0435803
-0.0432529
-0.0429256
-0.0425983
-0.042271
-0.0419437
-0.0416164
-0.0412891
-0.0409618
-0.0406345
-0.0403072
-0.0399798
-0.0396525
-0.0393252
-0.0389979
-0.0386706
-0.0383433
-0.038016
-0.0376887
-0.0373614
-0.0370341
-0.0367067
-0.0363794
-0.0360521
-0.0357248
-0.0353975
-0.0350702
-0.0347429
-0.0344156
-0.0340883
-0.033761
-0.0334336
-0.0331063
-0.032779
-0.0324517
-0.0321244
-0.0317971
-0.0314698
-0.0311425
-0.0308152
-0.0304879
-0.0301606
-0.0298332
-0.0295059
-0.0291786
-0.0288513
-0.028524
-0.0281967
-0.0278694
-0.0275421
-0.0272148
-0.0268875
-0.0265602
-0.0262328
-0.0259055
-0.0255782
-0.0252509
-0.0249236
-0.0245963
-0.024269
-0.0239417
-0.0236144
-0.0232871
-0.0229598
-0.0226223
-0.0221769
-0.0217314
-0.0212859
-0.0208404
-0.0203949
-0.0199494
-0.0195039
-0.0190584
-0.0186129
-0.0181674
-0.0177219
-0.0172764
-0.0168309
-0.0163854
-0.0159399
-0.0154944
-0.0150489
-0.0146034
-0.0141579
-0.0137124
-0.0132669
-0.0128214
-0.0123759
-0.0119304
-0.0114849
-0.0110394
-0.0105939
-0.0101484
-0.00970288
-0.00925738
-0.00881188
-0.00836638
-0.00792088
-0.00747538
-0.00702988
-0.00658438
-0.00613888
-0.00569338
-0.00524789
-0.00480239
-0.00435689
-0.00391139
-0.00346589
-0.00302039
